Metadata:
time = 5000
cstar = 1.0150
h = 0.50000
eps = 0.2000
FrameSkip = 250

cfit_ens:
 1.015000e+00  1.013949e+00  1.013757e+00  1.012714e+00  1.012430e+00  1.011971e+00  1.011406e+00  1.011035e+00  1.010898e+00  1.010502e+00  1.009905e+00  1.009212e+00  1.009218e+00  1.009020e+00  1.008530e+00  1.008428e+00  1.008180e+00  1.007784e+00  1.008072e+00  1.007344e+00  1.007523e+00  1.007095e+00  1.007083e+00  1.006918e+00  1.006779e+00  1.006799e+00  1.006602e+00  1.006373e+00  1.006380e+00  1.005781e+00  1.005684e+00  1.005985e+00  1.005694e+00  1.005536e+00  1.005450e+00  1.005405e+00  1.005308e+00  1.005167e+00  1.005033e+00  1.005114e+00  1.005000e+00 
 1.015000e+00  1.014501e+00  1.013537e+00  1.012633e+00  1.012617e+00  1.011934e+00  1.011719e+00  1.010849e+00  1.011049e+00  1.010095e+00  1.010050e+00  1.009940e+00  1.008740e+00  1.009043e+00  1.008866e+00  1.008440e+00  1.008357e+00  1.008282e+00  1.007882e+00  1.007517e+00  1.007475e+00  1.007482e+00  1.007322e+00  1.006904e+00  1.007073e+00  1.007182e+00  1.006698e+00  1.006520e+00  1.006440e+00  1.006397e+00  1.005984e+00  1.006009e+00  1.005872e+00  1.006066e+00  1.005688e+00  1.005435e+00  1.005316e+00  1.005505e+00  1.005300e+00  1.005171e+00  1.005217e+00 
 1.015000e+00  1.013824e+00  1.013087e+00  1.012960e+00  1.012560e+00  1.012004e+00  1.010916e+00  1.010281e+00  1.010552e+00  1.009705e+00  1.009700e+00  1.009271e+00  1.009101e+00  1.008933e+00  1.008708e+00  1.008269e+00  1.008072e+00  1.008109e+00  1.007591e+00  1.007553e+00  1.006926e+00  1.006929e+00  1.006811e+00  1.006861e+00  1.006551e+00  1.006646e+00  1.006504e+00  1.006137e+00  1.006033e+00  1.006178e+00  1.006032e+00  1.005777e+00  1.005803e+00  1.005383e+00  1.005548e+00  1.005261e+00  1.005082e+00  1.005144e+00  1.005090e+00  1.005000e+00  1.005000e+00 
 1.015000e+00  1.014101e+00  1.013933e+00  1.013603e+00  1.012249e+00  1.012518e+00  1.011314e+00  1.011267e+00  1.010651e+00  1.010172e+00  1.010142e+00  1.009881e+00  1.009416e+00  1.008905e+00  1.008916e+00  1.008484e+00  1.008327e+00  1.007924e+00  1.007391e+00  1.007783e+00  1.007333e+00  1.007267e+00  1.006979e+00  1.007131e+00  1.006723e+00  1.006437e+00  1.006627e+00  1.006456e+00  1.006572e+00  1.006216e+00  1.006056e+00  1.005905e+00  1.005918e+00  1.005904e+00  1.005600e+00  1.005624e+00  1.005395e+00  1.005127e+00  1.005226e+00  1.005000e+00  1.005058e+00 
 1.015000e+00  1.013857e+00  1.013445e+00  1.013011e+00  1.012344e+00  1.011318e+00  1.012009e+00  1.010482e+00  1.010489e+00  1.010057e+00  1.009893e+00  1.009949e+00  1.009358e+00  1.008570e+00  1.008578e+00  1.007913e+00  1.008092e+00  1.007812e+00  1.007574e+00  1.007509e+00  1.007441e+00  1.007355e+00  1.006834e+00  1.006354e+00  1.006355e+00  1.006268e+00  1.006550e+00  1.006530e+00  1.006010e+00  1.005960e+00  1.005660e+00  1.005686e+00  1.005606e+00  1.005437e+00  1.005184e+00  1.005420e+00  1.005129e+00  1.005000e+00  1.005000e+00  1.005000e+00  1.005000e+00 
 1.015000e+00  1.014175e+00  1.014166e+00  1.013045e+00  1.012534e+00  1.011673e+00  1.011481e+00  1.010919e+00  1.010469e+00  1.010041e+00  1.009868e+00  1.009371e+00  1.009609e+00  1.009069e+00  1.008801e+00  1.008293e+00  1.008181e+00  1.008131e+00  1.007704e+00  1.007211e+00  1.007259e+00  1.007294e+00  1.006804e+00  1.006637e+00  1.006519e+00  1.006323e+00  1.006313e+00  1.006216e+00  1.006020e+00  1.006305e+00  1.005869e+00  1.005949e+00  1.005819e+00  1.005565e+00  1.005414e+00  1.005170e+00  1.005175e+00  1.005272e+00  1.005000e+00  1.005186e+00  1.005000e+00 
 1.015000e+00  1.014248e+00  1.014151e+00  1.013096e+00  1.012469e+00  1.012417e+00  1.011938e+00  1.011607e+00  1.010600e+00  1.010374e+00  1.009955e+00  1.009792e+00  1.009442e+00  1.008630e+00  1.008948e+00  1.008325e+00  1.008022e+00  1.007909e+00  1.007669e+00  1.007495e+00  1.007178e+00  1.007274e+00  1.007018e+00  1.006587e+00  1.006738e+00  1.006576e+00  1.006538e+00  1.006226e+00  1.006106e+00  1.006170e+00  1.005935e+00  1.005939e+00  1.005875e+00  1.005757e+00  1.005591e+00  1.005576e+00  1.005349e+00  1.005249e+00  1.005224e+00  1.005212e+00  1.005068e+00 
 1.015000e+00  1.013969e+00  1.014062e+00  1.012773e+00  1.012169e+00  1.012563e+00  1.011466e+00  1.011076e+00  1.010251e+00  1.009510e+00  1.009417e+00  1.009748e+00  1.009114e+00  1.009045e+00  1.008508e+00  1.008149e+00  1.008107e+00  1.007795e+00  1.007932e+00  1.007738e+00  1.007434e+00  1.007545e+00  1.007333e+00  1.006638e+00  1.006683e+00  1.006408e+00  1.006406e+00  1.006607e+00  1.005996e+00  1.006246e+00  1.005967e+00  1.005922e+00  1.005646e+00  1.005583e+00  1.005386e+00  1.005247e+00  1.005143e+00  1.005351e+00  1.005000e+00  1.005000e+00  1.005000e+00 
 1.015000e+00  1.013583e+00  1.012865e+00  1.011970e+00  1.011903e+00  1.011549e+00  1.011282e+00  1.010958e+00  1.010644e+00  1.009842e+00  1.010228e+00  1.009556e+00  1.009497e+00  1.008946e+00  1.008445e+00  1.008318e+00  1.008407e+00  1.007830e+00  1.008072e+00  1.007676e+00  1.007666e+00  1.007355e+00  1.007025e+00  1.006843e+00  1.006784e+00  1.006604e+00  1.006567e+00  1.006375e+00  1.006307e+00  1.006228e+00  1.005964e+00  1.006025e+00  1.006050e+00  1.005863e+00  1.005502e+00  1.005527e+00  1.005490e+00  1.005341e+00  1.005572e+00  1.005287e+00  1.005000e+00 
 1.015000e+00  1.013753e+00  1.012662e+00  1.012490e+00  1.011894e+00  1.011344e+00  1.010857e+00  1.010784e+00  1.009912e+00  1.009921e+00  1.009495e+00  1.008805e+00  1.008746e+00  1.008712e+00  1.008423e+00  1.007831e+00  1.007968e+00  1.007701e+00  1.007486e+00  1.007419e+00  1.007210e+00  1.006759e+00  1.006502e+00  1.006386e+00  1.006297e+00  1.006329e+00  1.006264e+00  1.006145e+00  1.006230e+00  1.005976e+00  1.005851e+00  1.005618e+00  1.005768e+00  1.005513e+00  1.005441e+00  1.005344e+00  1.005337e+00  1.005307e+00  1.005150e+00  1.005139e+00  1.005000e+00 
 1.015000e+00  1.014665e+00  1.014148e+00  1.013131e+00  1.012827e+00  1.012281e+00  1.011241e+00  1.010632e+00  1.010582e+00  1.009915e+00  1.009861e+00  1.009946e+00  1.009647e+00  1.009270e+00  1.008601e+00  1.008942e+00  1.008322e+00  1.008096e+00  1.007754e+00  1.007505e+00  1.007374e+00  1.007292e+00  1.006585e+00  1.006567e+00  1.006579e+00  1.006453e+00  1.006283e+00  1.006319e+00  1.006214e+00  1.005871e+00  1.005950e+00  1.005609e+00  1.005606e+00  1.005637e+00  1.005522e+00  1.005448e+00  1.005193e+00  1.005200e+00  1.005070e+00  1.005096e+00  1.005014e+00 
 1.015000e+00  1.014036e+00  1.013520e+00  1.013155e+00  1.012304e+00  1.012163e+00  1.011723e+00  1.011551e+00  1.011201e+00  1.010196e+00  1.010320e+00  1.010254e+00  1.009436e+00  1.009057e+00  1.009120e+00  1.009182e+00  1.008479e+00  1.008244e+00  1.008282e+00  1.008192e+00  1.008251e+00  1.007408e+00  1.007417e+00  1.007087e+00  1.006757e+00  1.006790e+00  1.006759e+00  1.006763e+00  1.006450e+00  1.006666e+00  1.006049e+00  1.006268e+00  1.005998e+00  1.005826e+00  1.005754e+00  1.005764e+00  1.005679e+00  1.005611e+00  1.005374e+00  1.005367e+00  1.005075e+00 
 1.015000e+00  1.013953e+00  1.013320e+00  1.012743e+00  1.012021e+00  1.012033e+00  1.011142e+00  1.011039e+00  1.010566e+00  1.010320e+00  1.009745e+00  1.009562e+00  1.009105e+00  1.008905e+00  1.008868e+00  1.008045e+00  1.008129e+00  1.008169e+00  1.007606e+00  1.007551e+00  1.007296e+00  1.007359e+00  1.006756e+00  1.006630e+00  1.006651e+00  1.006531e+00  1.006468e+00  1.006258e+00  1.005921e+00  1.005719e+00  1.005727e+00  1.005757e+00  1.005752e+00  1.005566e+00  1.005693e+00  1.005548e+00  1.005299e+00  1.005339e+00  1.005213e+00  1.005000e+00  1.005201e+00 
 1.015000e+00  1.014633e+00  1.013672e+00  1.012893e+00  1.012309e+00  1.011376e+00  1.011645e+00  1.010779e+00  1.010755e+00  1.010049e+00  1.009731e+00  1.009504e+00  1.009553e+00  1.009174e+00  1.009021e+00  1.009226e+00  1.008478e+00  1.008856e+00  1.008311e+00  1.007962e+00  1.007927e+00  1.007679e+00  1.007464e+00  1.007387e+00  1.007099e+00  1.007184e+00  1.006922e+00  1.006411e+00  1.006431e+00  1.006244e+00  1.006173e+00  1.006109e+00  1.006005e+00  1.005726e+00  1.005826e+00  1.005924e+00  1.005632e+00  1.005374e+00  1.005319e+00  1.005266e+00  1.005000e+00 
 1.015000e+00  1.014884e+00  1.014308e+00  1.012541e+00  1.012163e+00  1.012382e+00  1.011331e+00  1.011043e+00  1.010305e+00  1.010281e+00  1.010023e+00  1.009414e+00  1.009212e+00  1.009300e+00  1.008897e+00  1.008629e+00  1.008802e+00  1.008193e+00  1.007996e+00  1.007876e+00  1.007687e+00  1.007468e+00  1.007236e+00  1.007205e+00  1.006921e+00  1.006782e+00  1.006692e+00  1.006289e+00  1.006214e+00  1.006325e+00  1.005957e+00  1.005847e+00  1.005968e+00  1.005820e+00  1.005339e+00  1.005428e+00  1.005202e+00  1.005365e+00  1.005000e+00  1.005129e+00  1.005000e+00 
 1.015000e+00  1.014839e+00  1.013376e+00  1.012645e+00  1.012528e+00  1.011246e+00  1.011649e+00  1.010994e+00  1.010702e+00  1.009991e+00  1.010036e+00  1.009210e+00  1.009355e+00  1.008708e+00  1.008825e+00  1.008460e+00  1.007957e+00  1.007805e+00  1.007575e+00  1.007455e+00  1.006995e+00  1.007065e+00  1.006895e+00  1.006826e+00  1.006751e+00  1.006743e+00  1.006191e+00  1.006440e+00  1.006176e+00  1.005920e+00  1.005958e+00  1.005823e+00  1.005393e+00  1.005707e+00  1.005536e+00  1.005588e+00  1.005221e+00  1.005036e+00  1.005265e+00  1.005113e+00  1.005000e+00 
 1.015000e+00  1.014663e+00  1.013909e+00  1.014066e+00  1.012549e+00  1.012731e+00  1.011688e+00  1.011466e+00  1.010770e+00  1.010897e+00  1.010021e+00  1.010155e+00  1.009407e+00  1.009084e+00  1.009465e+00  1.008770e+00  1.008705e+00  1.008237e+00  1.008412e+00  1.008027e+00  1.007919e+00  1.007418e+00  1.007251e+00  1.006850e+00  1.006877e+00  1.006523e+00  1.006619e+00  1.006574e+00  1.006283e+00  1.006592e+00  1.006553e+00  1.005806e+00  1.005825e+00  1.005897e+00  1.005731e+00  1.005629e+00  1.005531e+00  1.005503e+00  1.005294e+00  1.005495e+00  1.005258e+00 
 1.015000e+00  1.014468e+00  1.014569e+00  1.013325e+00  1.012678e+00  1.011437e+00  1.012156e+00  1.010708e+00  1.010285e+00  1.010138e+00  1.009451e+00  1.009558e+00  1.008985e+00  1.009098e+00  1.008357e+00  1.008241e+00  1.007918e+00  1.008094e+00  1.007380e+00  1.007565e+00  1.007248e+00  1.007125e+00  1.006843e+00  1.006890e+00  1.006555e+00  1.006222e+00  1.006176e+00  1.006188e+00  1.005974e+00  1.005995e+00  1.005751e+00  1.005497e+00  1.005405e+00  1.005562e+00  1.005290e+00  1.005362e+00  1.005221e+00  1.005166e+00  1.005000e+00  1.005001e+00  1.005000e+00 
 1.015000e+00  1.014768e+00  1.013485e+00  1.013103e+00  1.012927e+00  1.011920e+00  1.011543e+00  1.010944e+00  1.010221e+00  1.010244e+00  1.009990e+00  1.009772e+00  1.009266e+00  1.008737e+00  1.008701e+00  1.008327e+00  1.008472e+00  1.008402e+00  1.007933e+00  1.007467e+00  1.007590e+00  1.007236e+00  1.007203e+00  1.007257e+00  1.006750e+00  1.006632e+00  1.006180e+00  1.006389e+00  1.005996e+00  1.005820e+00  1.005946e+00  1.005831e+00  1.005735e+00  1.005464e+00  1.005706e+00  1.005479e+00  1.005407e+00  1.005171e+00  1.005050e+00  1.005182e+00  1.005030e+00 
 1.015000e+00  1.014660e+00  1.013849e+00  1.012606e+00  1.012369e+00  1.012035e+00  1.011826e+00  1.011367e+00  1.010725e+00  1.010327e+00  1.010046e+00  1.009610e+00  1.009713e+00  1.009101e+00  1.008711e+00  1.008404e+00  1.008310e+00  1.008413e+00  1.007982e+00  1.007792e+00  1.007658e+00  1.007290e+00  1.007091e+00  1.007003e+00  1.006976e+00  1.007056e+00  1.006408e+00  1.006410e+00  1.006246e+00  1.006109e+00  1.006092e+00  1.005927e+00  1.005854e+00  1.005714e+00  1.005445e+00  1.005558e+00  1.005197e+00  1.005227e+00  1.005132e+00  1.005153e+00  1.005222e+00 
 1.015000e+00  1.014601e+00  1.013839e+00  1.013703e+00  1.012611e+00  1.011627e+00  1.011935e+00  1.010796e+00  1.010595e+00  1.010353e+00  1.010109e+00  1.009752e+00  1.009478e+00  1.009310e+00  1.009046e+00  1.008490e+00  1.008303e+00  1.008374e+00  1.007904e+00  1.007849e+00  1.007660e+00  1.007249e+00  1.007263e+00  1.007214e+00  1.006717e+00  1.006353e+00  1.006438e+00  1.006511e+00  1.006163e+00  1.006073e+00  1.005997e+00  1.006018e+00  1.005826e+00  1.005682e+00  1.005789e+00  1.005528e+00  1.005772e+00  1.005285e+00  1.005357e+00  1.005084e+00  1.005235e+00 
 1.015000e+00  1.013496e+00  1.012862e+00  1.012591e+00  1.012322e+00  1.011673e+00  1.011936e+00  1.009985e+00  1.010261e+00  1.009859e+00  1.009507e+00  1.009321e+00  1.009184e+00  1.008727e+00  1.008616e+00  1.008153e+00  1.008120e+00  1.007885e+00  1.007380e+00  1.007412e+00  1.007573e+00  1.006975e+00  1.006944e+00  1.006854e+00  1.006825e+00  1.006466e+00  1.006201e+00  1.006454e+00  1.006216e+00  1.006069e+00  1.005877e+00  1.006054e+00  1.005861e+00  1.005594e+00  1.005467e+00  1.005387e+00  1.005456e+00  1.005226e+00  1.005156e+00  1.005018e+00  1.005000e+00 
 1.015000e+00  1.014042e+00  1.013389e+00  1.013015e+00  1.012599e+00  1.011844e+00  1.011511e+00  1.011033e+00  1.010159e+00  1.010068e+00  1.009690e+00  1.009433e+00  1.009648e+00  1.008897e+00  1.008676e+00  1.008236e+00  1.007671e+00  1.007989e+00  1.007592e+00  1.007289e+00  1.007365e+00  1.006925e+00  1.006813e+00  1.007074e+00  1.006817e+00  1.006458e+00  1.006537e+00  1.006272e+00  1.006218e+00  1.006151e+00  1.006071e+00  1.005944e+00  1.005675e+00  1.005487e+00  1.005397e+00  1.005403e+00  1.005334e+00  1.005120e+00  1.005166e+00  1.005081e+00  1.005000e+00 
 1.015000e+00  1.014654e+00  1.014391e+00  1.013274e+00  1.013248e+00  1.012097e+00  1.012298e+00  1.011130e+00  1.011067e+00  1.010932e+00  1.010842e+00  1.009901e+00  1.009616e+00  1.009586e+00  1.009480e+00  1.008439e+00  1.008369e+00  1.008481e+00  1.007970e+00  1.007776e+00  1.007327e+00  1.007259e+00  1.006912e+00  1.007006e+00  1.006804e+00  1.006612e+00  1.006579e+00  1.006491e+00  1.006408e+00  1.006339e+00  1.005961e+00  1.005674e+00  1.005866e+00  1.005808e+00  1.005725e+00  1.005518e+00  1.005321e+00  1.005400e+00  1.005180e+00  1.005000e+00  1.005052e+00 
 1.015000e+00  1.013800e+00  1.013358e+00  1.013407e+00  1.012242e+00  1.012463e+00  1.011870e+00  1.010810e+00  1.010801e+00  1.010511e+00  1.010238e+00  1.009685e+00  1.009370e+00  1.008921e+00  1.008881e+00  1.008481e+00  1.008269e+00  1.007966e+00  1.007587e+00  1.007683e+00  1.007582e+00  1.007129e+00  1.006806e+00  1.007314e+00  1.006582e+00  1.006775e+00  1.006633e+00  1.006175e+00  1.006163e+00  1.006084e+00  1.006208e+00  1.005900e+00  1.005694e+00  1.005509e+00  1.005568e+00  1.005504e+00  1.005334e+00  1.005265e+00  1.005221e+00  1.005000e+00  1.005176e+00 
 1.015000e+00  1.014436e+00  1.013259e+00  1.013286e+00  1.013122e+00  1.011803e+00  1.011855e+00  1.011138e+00  1.010505e+00  1.010624e+00  1.010093e+00  1.009908e+00  1.009211e+00  1.009180e+00  1.008971e+00  1.008530e+00  1.008505e+00  1.008535e+00  1.007758e+00  1.008090e+00  1.007756e+00  1.007626e+00  1.007175e+00  1.007350e+00  1.006895e+00  1.006510e+00  1.006364e+00  1.006355e+00  1.006268e+00  1.005970e+00  1.005942e+00  1.005884e+00  1.005666e+00  1.005531e+00  1.005664e+00  1.005346e+00  1.005490e+00  1.005325e+00  1.005334e+00  1.005000e+00  1.005032e+00 
 1.015000e+00  1.013477e+00  1.012651e+00  1.012215e+00  1.012237e+00  1.011643e+00  1.010949e+00  1.010978e+00  1.010242e+00  1.009953e+00  1.009632e+00  1.009294e+00  1.009206e+00  1.008674e+00  1.008714e+00  1.008111e+00  1.008390e+00  1.008023e+00  1.007843e+00  1.007406e+00  1.007015e+00  1.007313e+00  1.007100e+00  1.006797e+00  1.006743e+00  1.006398e+00  1.006153e+00  1.006310e+00  1.006181e+00  1.005985e+00  1.005949e+00  1.005481e+00  1.005531e+00  1.005651e+00  1.005544e+00  1.005344e+00  1.005421e+00  1.005244e+00  1.005133e+00  1.005093e+00  1.005000e+00 
 1.015000e+00  1.014574e+00  1.014443e+00  1.013947e+00  1.012976e+00  1.013236e+00  1.012228e+00  1.011942e+00  1.011403e+00  1.010964e+00  1.010443e+00  1.010130e+00  1.009700e+00  1.009747e+00  1.009341e+00  1.008407e+00  1.008371e+00  1.008324e+00  1.007969e+00  1.007803e+00  1.007768e+00  1.007390e+00  1.007254e+00  1.006963e+00  1.007379e+00  1.006723e+00  1.006680e+00  1.006486e+00  1.006358e+00  1.006477e+00  1.006303e+00  1.006045e+00  1.006007e+00  1.006194e+00  1.005845e+00  1.005608e+00  1.005862e+00  1.005456e+00  1.005412e+00  1.005448e+00  1.005133e+00 
 1.015000e+00  1.014586e+00  1.014584e+00  1.013517e+00  1.012829e+00  1.011787e+00  1.011360e+00  1.010812e+00  1.010620e+00  1.010050e+00  1.009842e+00  1.009513e+00  1.009185e+00  1.008649e+00  1.008651e+00  1.008353e+00  1.008154e+00  1.007907e+00  1.007784e+00  1.007621e+00  1.007245e+00  1.007311e+00  1.006927e+00  1.006714e+00  1.006538e+00  1.006586e+00  1.006564e+00  1.006569e+00  1.006110e+00  1.005964e+00  1.006270e+00  1.005989e+00  1.005749e+00  1.005731e+00  1.005463e+00  1.005659e+00  1.005556e+00  1.005298e+00  1.005411e+00  1.005174e+00  1.005090e+00 
 1.015000e+00  1.014023e+00  1.013374e+00  1.012353e+00  1.012041e+00  1.011866e+00  1.011586e+00  1.010865e+00  1.010143e+00  1.010554e+00  1.009840e+00  1.009685e+00  1.009323e+00  1.008630e+00  1.008840e+00  1.007901e+00  1.007814e+00  1.007697e+00  1.007520e+00  1.007165e+00  1.007273e+00  1.006786e+00  1.007128e+00  1.006869e+00  1.006701e+00  1.006316e+00  1.005975e+00  1.006023e+00  1.006150e+00  1.005743e+00  1.005794e+00  1.005710e+00  1.005571e+00  1.005558e+00  1.005540e+00  1.005630e+00  1.005421e+00  1.005203e+00  1.005185e+00  1.005126e+00  1.005038e+00 
 1.015000e+00  1.014018e+00  1.014229e+00  1.012571e+00  1.012713e+00  1.012194e+00  1.011137e+00  1.011391e+00  1.010722e+00  1.010327e+00  1.009959e+00  1.009418e+00  1.008848e+00  1.008943e+00  1.008900e+00  1.008520e+00  1.008298e+00  1.008022e+00  1.007781e+00  1.007728e+00  1.007428e+00  1.007218e+00  1.007119e+00  1.007149e+00  1.006749e+00  1.006367e+00  1.006395e+00  1.006460e+00  1.006484e+00  1.006194e+00  1.006263e+00  1.005666e+00  1.005563e+00  1.005786e+00  1.005601e+00  1.005510e+00  1.005582e+00  1.005390e+00  1.005071e+00  1.005166e+00  1.005000e+00 
 1.015000e+00  1.014500e+00  1.012915e+00  1.012737e+00  1.012149e+00  1.011627e+00  1.011568e+00  1.011016e+00  1.011204e+00  1.010291e+00  1.009965e+00  1.010197e+00  1.009438e+00  1.008869e+00  1.008559e+00  1.008411e+00  1.008571e+00  1.008333e+00  1.007925e+00  1.007758e+00  1.007650e+00  1.007524e+00  1.007066e+00  1.007255e+00  1.006592e+00  1.006891e+00  1.006505e+00  1.006538e+00  1.006162e+00  1.005975e+00  1.006090e+00  1.006061e+00  1.005881e+00  1.005640e+00  1.005577e+00  1.005587e+00  1.005377e+00  1.005253e+00  1.005397e+00  1.005159e+00  1.005067e+00 
 1.015000e+00  1.014581e+00  1.013650e+00  1.013825e+00  1.013188e+00  1.012158e+00  1.011704e+00  1.011424e+00  1.011386e+00  1.010844e+00  1.010274e+00  1.009466e+00  1.009338e+00  1.008999e+00  1.009004e+00  1.008656e+00  1.008398e+00  1.008181e+00  1.007870e+00  1.007707e+00  1.007154e+00  1.007145e+00  1.007027e+00  1.007072e+00  1.006903e+00  1.006884e+00  1.006438e+00  1.006316e+00  1.006151e+00  1.006034e+00  1.005962e+00  1.005660e+00  1.005593e+00  1.005396e+00  1.005525e+00  1.005423e+00  1.005344e+00  1.005492e+00  1.005235e+00  1.005070e+00  1.005000e+00 
 1.015000e+00  1.014137e+00  1.013833e+00  1.013448e+00  1.012162e+00  1.011697e+00  1.011653e+00  1.011452e+00  1.010914e+00  1.010510e+00  1.009772e+00  1.009338e+00  1.009346e+00  1.008852e+00  1.008675e+00  1.008753e+00  1.008569e+00  1.008548e+00  1.007990e+00  1.008024e+00  1.007841e+00  1.007559e+00  1.007415e+00  1.006908e+00  1.007244e+00  1.006844e+00  1.006708e+00  1.006479e+00  1.006180e+00  1.006365e+00  1.006507e+00  1.006002e+00  1.006051e+00  1.005926e+00  1.005607e+00  1.005862e+00  1.005457e+00  1.005575e+00  1.005389e+00  1.005273e+00  1.005172e+00 
 1.015000e+00  1.014236e+00  1.013907e+00  1.013553e+00  1.012685e+00  1.012551e+00  1.012169e+00  1.010977e+00  1.010783e+00  1.010396e+00  1.009651e+00  1.009592e+00  1.009355e+00  1.009050e+00  1.008658e+00  1.008723e+00  1.008643e+00  1.008033e+00  1.008233e+00  1.007591e+00  1.007200e+00  1.007687e+00  1.006860e+00  1.007072e+00  1.007311e+00  1.006709e+00  1.006778e+00  1.006247e+00  1.006382e+00  1.006270e+00  1.005815e+00  1.005808e+00  1.005961e+00  1.005853e+00  1.005542e+00  1.005628e+00  1.005629e+00  1.005044e+00  1.005113e+00  1.005023e+00  1.005000e+00 
 1.015000e+00  1.013586e+00  1.013770e+00  1.012973e+00  1.012521e+00  1.011998e+00  1.011643e+00  1.010757e+00  1.010963e+00  1.010040e+00  1.009926e+00  1.009388e+00  1.009342e+00  1.008931e+00  1.008646e+00  1.008647e+00  1.008062e+00  1.008159e+00  1.008417e+00  1.007386e+00  1.007303e+00  1.007191e+00  1.007204e+00  1.006683e+00  1.006447e+00  1.006433e+00  1.006373e+00  1.006174e+00  1.005978e+00  1.005851e+00  1.005865e+00  1.005891e+00  1.005629e+00  1.005275e+00  1.005321e+00  1.005411e+00  1.005081e+00  1.005000e+00  1.005117e+00  1.005000e+00  1.005000e+00 
 1.015000e+00  1.015554e+00  1.013416e+00  1.013821e+00  1.012810e+00  1.012512e+00  1.011504e+00  1.011044e+00  1.011080e+00  1.010037e+00  1.009887e+00  1.009827e+00  1.009101e+00  1.008580e+00  1.008494e+00  1.008503e+00  1.008529e+00  1.008368e+00  1.007726e+00  1.007731e+00  1.007172e+00  1.007251e+00  1.007110e+00  1.006822e+00  1.006741e+00  1.006479e+00  1.006077e+00  1.006271e+00  1.006082e+00  1.005988e+00  1.005791e+00  1.005850e+00  1.005854e+00  1.005576e+00  1.005579e+00  1.005192e+00  1.005214e+00  1.005271e+00  1.005266e+00  1.005095e+00  1.005000e+00 
 1.015000e+00  1.014961e+00  1.013732e+00  1.013873e+00  1.013145e+00  1.012163e+00  1.011809e+00  1.011608e+00  1.010785e+00  1.010502e+00  1.010385e+00  1.009651e+00  1.009021e+00  1.009392e+00  1.008787e+00  1.008773e+00  1.007995e+00  1.008195e+00  1.007980e+00  1.007713e+00  1.007407e+00  1.007401e+00  1.007075e+00  1.007087e+00  1.007266e+00  1.006968e+00  1.006527e+00  1.006516e+00  1.006395e+00  1.006195e+00  1.006018e+00  1.005978e+00  1.005850e+00  1.005625e+00  1.005910e+00  1.005325e+00  1.005402e+00  1.005414e+00  1.005270e+00  1.005036e+00  1.005000e+00 
 1.015000e+00  1.014588e+00  1.013892e+00  1.013431e+00  1.012290e+00  1.012063e+00  1.012248e+00  1.011421e+00  1.010964e+00  1.010984e+00  1.010024e+00  1.010035e+00  1.009530e+00  1.009040e+00  1.008999e+00  1.008450e+00  1.008071e+00  1.008044e+00  1.008152e+00  1.007881e+00  1.007470e+00  1.007359e+00  1.006856e+00  1.007126e+00  1.006741e+00  1.006759e+00  1.006419e+00  1.006733e+00  1.006145e+00  1.006091e+00  1.006024e+00  1.005632e+00  1.005742e+00  1.005656e+00  1.005389e+00  1.005223e+00  1.005307e+00  1.005011e+00  1.005040e+00  1.005077e+00  1.005008e+00 
 1.015000e+00  1.015002e+00  1.014914e+00  1.013588e+00  1.012970e+00  1.011977e+00  1.012157e+00  1.011651e+00  1.011420e+00  1.010956e+00  1.010021e+00  1.010194e+00  1.009316e+00  1.009282e+00  1.009024e+00  1.008928e+00  1.008446e+00  1.008123e+00  1.008226e+00  1.007928e+00  1.008010e+00  1.007504e+00  1.007178e+00  1.007254e+00  1.006774e+00  1.006754e+00  1.006416e+00  1.006740e+00  1.006177e+00  1.006068e+00  1.005882e+00  1.005915e+00  1.005722e+00  1.005594e+00  1.005624e+00  1.005542e+00  1.005375e+00  1.005547e+00  1.005171e+00  1.005103e+00  1.005196e+00 
 1.015000e+00  1.014384e+00  1.013544e+00  1.012966e+00  1.013183e+00  1.011498e+00  1.010825e+00  1.010527e+00  1.009900e+00  1.010124e+00  1.010004e+00  1.009733e+00  1.009061e+00  1.008740e+00  1.008214e+00  1.008130e+00  1.008295e+00  1.008072e+00  1.007942e+00  1.007457e+00  1.007203e+00  1.007181e+00  1.006950e+00  1.007033e+00  1.006817e+00  1.006459e+00  1.006208e+00  1.006384e+00  1.006078e+00  1.005997e+00  1.005845e+00  1.006046e+00  1.005614e+00  1.005431e+00  1.005660e+00  1.005451e+00  1.005127e+00  1.005260e+00  1.005000e+00  1.005230e+00  1.005000e+00 
 1.015000e+00  1.013980e+00  1.013220e+00  1.012654e+00  1.012122e+00  1.011440e+00  1.010698e+00  1.010646e+00  1.010588e+00  1.009929e+00  1.010182e+00  1.009293e+00  1.008922e+00  1.008952e+00  1.008517e+00  1.008337e+00  1.008007e+00  1.007781e+00  1.007841e+00  1.007836e+00  1.007338e+00  1.007131e+00  1.006812e+00  1.006641e+00  1.006505e+00  1.006390e+00  1.006487e+00  1.006259e+00  1.006009e+00  1.005977e+00  1.005667e+00  1.005764e+00  1.005757e+00  1.005541e+00  1.005517e+00  1.005433e+00  1.005336e+00  1.005154e+00  1.005196e+00  1.005252e+00  1.005020e+00 
 1.015000e+00  1.014601e+00  1.013568e+00  1.012783e+00  1.012844e+00  1.011948e+00  1.012099e+00  1.011921e+00  1.010694e+00  1.010147e+00  1.009974e+00  1.010517e+00  1.009615e+00  1.009757e+00  1.008835e+00  1.008531e+00  1.008562e+00  1.008014e+00  1.007950e+00  1.007819e+00  1.007486e+00  1.007106e+00  1.007222e+00  1.006916e+00  1.006672e+00  1.006827e+00  1.006572e+00  1.006600e+00  1.006221e+00  1.006084e+00  1.006105e+00  1.005967e+00  1.005770e+00  1.005650e+00  1.005641e+00  1.005460e+00  1.005465e+00  1.005341e+00  1.005343e+00  1.005480e+00  1.005000e+00 
 1.015000e+00  1.014738e+00  1.014435e+00  1.013433e+00  1.012518e+00  1.012048e+00  1.011671e+00  1.011190e+00  1.010481e+00  1.010596e+00  1.009902e+00  1.009406e+00  1.009030e+00  1.008569e+00  1.008504e+00  1.008188e+00  1.008340e+00  1.007962e+00  1.007561e+00  1.007574e+00  1.006914e+00  1.007104e+00  1.006649e+00  1.006595e+00  1.006483e+00  1.006477e+00  1.006367e+00  1.005970e+00  1.005901e+00  1.005877e+00  1.005655e+00  1.005682e+00  1.005462e+00  1.005476e+00  1.005547e+00  1.005426e+00  1.005528e+00  1.005240e+00  1.005000e+00  1.005000e+00  1.005024e+00 
 1.015000e+00  1.014923e+00  1.014413e+00  1.013517e+00  1.012307e+00  1.012688e+00  1.011669e+00  1.011051e+00  1.010385e+00  1.010249e+00  1.010286e+00  1.009545e+00  1.009831e+00  1.009405e+00  1.008894e+00  1.008505e+00  1.008457e+00  1.008250e+00  1.008240e+00  1.007832e+00  1.007444e+00  1.007625e+00  1.007009e+00  1.007070e+00  1.007077e+00  1.006696e+00  1.006685e+00  1.006366e+00  1.006250e+00  1.006316e+00  1.006146e+00  1.006063e+00  1.005703e+00  1.005769e+00  1.005646e+00  1.005553e+00  1.005593e+00  1.005291e+00  1.005299e+00  1.005141e+00  1.005095e+00 
 1.015000e+00  1.014558e+00  1.013735e+00  1.013365e+00  1.012751e+00  1.012582e+00  1.012325e+00  1.010915e+00  1.011017e+00  1.010384e+00  1.010661e+00  1.009684e+00  1.009951e+00  1.009050e+00  1.008919e+00  1.008884e+00  1.008661e+00  1.008382e+00  1.008431e+00  1.008134e+00  1.007815e+00  1.007503e+00  1.007321e+00  1.007514e+00  1.007024e+00  1.006815e+00  1.006741e+00  1.006383e+00  1.006417e+00  1.006182e+00  1.005824e+00  1.005738e+00  1.005670e+00  1.005507e+00  1.005566e+00  1.005402e+00  1.005425e+00  1.005000e+00  1.005014e+00  1.005135e+00  1.005000e+00 
 1.015000e+00  1.014993e+00  1.013323e+00  1.012797e+00  1.012781e+00  1.011899e+00  1.012155e+00  1.011348e+00  1.010966e+00  1.010850e+00  1.009896e+00  1.009578e+00  1.009246e+00  1.009327e+00  1.008811e+00  1.008692e+00  1.008255e+00  1.008058e+00  1.007800e+00  1.007653e+00  1.007585e+00  1.007435e+00  1.007185e+00  1.007309e+00  1.007004e+00  1.006570e+00  1.006521e+00  1.006374e+00  1.006105e+00  1.005866e+00  1.005850e+00  1.005884e+00  1.005594e+00  1.005547e+00  1.005606e+00  1.005353e+00  1.005492e+00  1.005243e+00  1.005076e+00  1.005000e+00  1.005000e+00 
 1.015000e+00  1.014016e+00  1.013593e+00  1.012753e+00  1.012386e+00  1.012235e+00  1.011752e+00  1.011543e+00  1.010714e+00  1.010349e+00  1.009902e+00  1.009683e+00  1.009222e+00  1.008889e+00  1.009290e+00  1.008309e+00  1.008359e+00  1.008221e+00  1.008216e+00  1.007516e+00  1.007252e+00  1.007133e+00  1.006824e+00  1.006774e+00  1.006532e+00  1.006160e+00  1.006310e+00  1.005983e+00  1.006199e+00  1.005981e+00  1.005928e+00  1.005576e+00  1.005801e+00  1.005503e+00  1.005220e+00  1.005397e+00  1.005384e+00  1.005284e+00  1.005392e+00  1.005048e+00  1.005000e+00 
 1.015000e+00  1.013657e+00  1.013155e+00  1.012807e+00  1.012004e+00  1.011715e+00  1.010995e+00  1.011023e+00  1.009713e+00  1.009651e+00  1.009006e+00  1.008785e+00  1.009011e+00  1.008473e+00  1.008208e+00  1.007692e+00  1.007762e+00  1.007483e+00  1.007304e+00  1.007376e+00  1.006979e+00  1.006730e+00  1.006601e+00  1.006464e+00  1.006333e+00  1.006410e+00  1.006306e+00  1.006082e+00  1.006175e+00  1.005884e+00  1.005670e+00  1.005718e+00  1.005608e+00  1.005645e+00  1.005295e+00  1.005238e+00  1.005194e+00  1.005000e+00  1.005000e+00  1.005000e+00  1.005056e+00 
 1.015000e+00  1.014003e+00  1.012920e+00  1.012575e+00  1.012616e+00  1.011691e+00  1.011041e+00  1.010736e+00  1.009970e+00  1.010211e+00  1.009583e+00  1.008862e+00  1.009028e+00  1.009052e+00  1.007961e+00  1.008353e+00  1.008044e+00  1.007886e+00  1.007842e+00  1.007239e+00  1.007077e+00  1.006985e+00  1.006842e+00  1.006877e+00  1.006674e+00  1.006101e+00  1.006182e+00  1.006371e+00  1.006145e+00  1.006175e+00  1.005771e+00  1.005692e+00  1.005382e+00  1.005448e+00  1.005496e+00  1.005424e+00  1.005354e+00  1.005205e+00  1.005000e+00  1.005000e+00  1.005000e+00 

lfit_ens:
 1.148297e-07  1.248944e+02  2.524410e+02  3.750166e+02  4.987222e+02  6.240319e+02  7.488146e+02  8.733210e+02  9.965787e+02  1.118816e+03  1.242299e+03  1.367170e+03  1.491194e+03  1.613612e+03  1.735836e+03  1.859665e+03  1.981663e+03  2.105823e+03  2.230109e+03  2.354499e+03  2.477400e+03  2.600852e+03  2.725477e+03  2.850477e+03  2.974322e+03  3.097264e+03  3.220010e+03  3.343111e+03  3.466565e+03  3.591317e+03  3.714748e+03  3.837533e+03  3.959802e+03  4.083193e+03  4.205950e+03  4.329162e+03  4.452670e+03  4.578295e+03  4.701979e+03  4.825747e+03  4.947488e+03 
 1.148297e-07  1.237718e+02  2.487392e+02  3.735654e+02  4.979178e+02  6.207359e+02  7.457734e+02  8.706617e+02  9.964966e+02  1.121990e+03  1.246066e+03  1.369172e+03  1.494018e+03  1.618041e+03  1.741271e+03  1.865096e+03  1.989309e+03  2.112722e+03  2.237091e+03  2.361979e+03  2.485933e+03  2.608435e+03  2.732424e+03  2.857565e+03  2.981784e+03  3.103114e+03  3.224978e+03  3.349359e+03  3.473654e+03  3.596150e+03  3.719533e+03  3.842992e+03  3.964891e+03  4.086665e+03  4.209815e+03  4.334153e+03  4.460237e+03  4.583906e+03  4.704714e+03  4.827933e+03  4.951863e+03 
 1.148297e-07  1.255332e+02  2.503336e+02  3.750185e+02  4.997457e+02  6.234027e+02  7.458352e+02  8.709827e+02  9.951043e+02  1.121074e+03  1.245253e+03  1.370471e+03  1.495443e+03  1.621226e+03  1.744262e+03  1.869529e+03  1.993454e+03  2.116999e+03  2.239414e+03  2.362950e+03  2.486248e+03  2.611696e+03  2.735057e+03  2.859243e+03  2.983699e+03  3.107585e+03  3.229394e+03  3.353333e+03  3.475897e+03  3.598504e+03  3.721204e+03  3.845216e+03  3.966113e+03  4.089855e+03  4.212532e+03  4.334971e+03  4.458439e+03  4.580828e+03  4.702880e+03  4.825135e+03  4.949507e+03 
 1.148297e-07  1.238706e+02  2.475238e+02  3.715759e+02  4.960263e+02  6.192678e+02  7.422032e+02  8.665979e+02  9.905805e+02  1.115054e+03  1.238930e+03  1.362382e+03  1.484847e+03  1.607841e+03  1.731269e+03  1.854600e+03  1.977820e+03  2.102623e+03  2.227027e+03  2.350458e+03  2.474768e+03  2.598736e+03  2.722525e+03  2.846739e+03  2.970312e+03  3.094213e+03  3.218392e+03  3.341291e+03  3.463042e+03  3.586114e+03  3.708571e+03  3.832420e+03  3.955342e+03  4.078032e+03  4.201491e+03  4.324060e+03  4.446796e+03  4.570304e+03  4.692702e+03  4.817606e+03  4.940553e+03 
 1.148297e-07  1.247917e+02  2.482377e+02  3.748386e+02  4.982380e+02  6.215994e+02  7.463227e+02  8.697748e+02  9.956174e+02  1.120857e+03  1.244131e+03  1.364928e+03  1.487950e+03  1.610070e+03  1.733090e+03  1.857407e+03  1.979962e+03  2.102488e+03  2.226042e+03  2.350095e+03  2.473672e+03  2.596472e+03  2.719518e+03  2.843527e+03  2.964507e+03  3.089425e+03  3.212618e+03  3.335013e+03  3.458143e+03  3.582554e+03  3.706222e+03  3.828100e+03  3.950424e+03  4.073286e+03  4.197462e+03  4.320048e+03  4.441900e+03  4.566813e+03  4.691014e+03  4.814522e+03  4.938909e+03 
 1.148297e-07  1.236563e+02  2.483787e+02  3.722046e+02  4.940958e+02  6.193705e+02  7.432135e+02  8.648767e+02  9.908493e+02  1.115174e+03  1.237659e+03  1.361704e+03  1.484929e+03  1.607035e+03  1.731837e+03  1.855924e+03  1.979544e+03  2.102824e+03  2.227522e+03  2.352621e+03  2.475571e+03  2.598548e+03  2.721197e+03  2.846397e+03  2.968302e+03  3.091589e+03  3.213890e+03  3.336091e+03  3.459833e+03  3.582096e+03  3.703690e+03  3.827287e+03  3.949276e+03  4.073431e+03  4.197806e+03  4.320902e+03  4.445753e+03  4.570328e+03  4.694529e+03  4.818332e+03  4.940472e+03 
 1.148297e-07  1.250419e+02  2.495027e+02  3.745559e+02  4.994278e+02  6.233107e+02  7.468164e+02  8.726789e+02  9.951781e+02  1.120329e+03  1.245706e+03  1.368695e+03  1.491858e+03  1.614510e+03  1.737485e+03  1.858582e+03  1.982690e+03  2.107019e+03  2.229557e+03  2.353885e+03  2.478628e+03  2.602719e+03  2.727504e+03  2.851901e+03  2.977354e+03  3.099730e+03  3.222204e+03  3.346294e+03  3.472150e+03  3.595559e+03  3.718191e+03  3.839770e+03  3.963114e+03  4.086309e+03  4.209846e+03  4.333708e+03  4.457818e+03  4.581950e+03  4.705497e+03  4.826145e+03  4.949955e+03 
 1.148297e-07  1.259000e+02  2.502613e+02  3.758569e+02  5.009553e+02  6.233158e+02  7.481526e+02  8.714164e+02  9.975575e+02  1.120303e+03  1.243650e+03  1.365927e+03  1.488794e+03  1.612344e+03  1.736837e+03  1.860175e+03  1.985338e+03  2.109272e+03  2.232355e+03  2.356835e+03  2.479566e+03  2.604681e+03  2.726909e+03  2.851317e+03  2.974188e+03  3.097671e+03  3.221378e+03  3.345592e+03  3.468050e+03  3.589861e+03  3.713004e+03  3.836156e+03  3.960327e+03  4.082500e+03  4.207044e+03  4.329683e+03  4.450829e+03  4.573680e+03  4.696255e+03  4.817840e+03  4.941645e+03 
 1.148297e-07  1.241235e+02  2.482581e+02  3.707551e+02  4.957817e+02  6.180924e+02  7.445228e+02  8.676221e+02  9.921873e+02  1.117958e+03  1.241887e+03  1.364757e+03  1.488390e+03  1.614370e+03  1.739524e+03  1.863212e+03  1.988434e+03  2.113558e+03  2.236880e+03  2.360261e+03  2.484048e+03  2.607857e+03  2.731530e+03  2.854567e+03  2.977321e+03  3.100878e+03  3.226071e+03  3.350976e+03  3.473978e+03  3.598800e+03  3.722307e+03  3.844369e+03  3.967000e+03  4.090083e+03  4.214394e+03  4.337320e+03  4.464791e+03  4.588881e+03  4.711822e+03  4.834243e+03  4.957978e+03 
 1.148297e-07  1.244663e+02  2.499738e+02  3.747809e+02  4.994409e+02  6.245943e+02  7.481912e+02  8.726273e+02  9.974512e+02  1.120865e+03  1.244064e+03  1.370146e+03  1.495180e+03  1.620819e+03  1.744396e+03  1.869791e+03  1.994503e+03  2.119441e+03  2.241716e+03  2.365346e+03  2.488037e+03  2.611141e+03  2.733718e+03  2.858866e+03  2.982953e+03  3.108035e+03  3.231402e+03  3.353235e+03  3.477906e+03  3.602084e+03  3.725521e+03  3.848505e+03  3.970539e+03  4.095531e+03  4.217875e+03  4.340384e+03  4.462892e+03  4.586229e+03  4.707101e+03  4.831667e+03  4.956674e+03 
 1.148297e-07  1.264779e+02  2.503864e+02  3.743883e+02  4.991385e+02  6.232123e+02  7.489603e+02  8.738453e+02  9.998439e+02  1.123108e+03  1.247032e+03  1.371133e+03  1.493807e+03  1.617525e+03  1.741163e+03  1.865056e+03  1.989817e+03  2.114815e+03  2.238885e+03  2.363054e+03  2.487364e+03  2.610517e+03  2.732422e+03  2.856942e+03  2.979728e+03  3.102183e+03  3.226077e+03  3.348739e+03  3.470005e+03  3.593449e+03  3.716994e+03  3.839594e+03  3.962456e+03  4.086255e+03  4.209948e+03  4.333551e+03  4.456684e+03  4.579934e+03  4.704581e+03  4.825654e+03  4.948093e+03 
 1.148297e-07  1.242398e+02  2.487752e+02  3.733033e+02  4.941969e+02  6.188713e+02  7.409818e+02  8.653737e+02  9.885931e+02  1.112500e+03  1.236752e+03  1.360389e+03  1.484470e+03  1.609369e+03  1.733164e+03  1.856744e+03  1.980279e+03  2.104348e+03  2.227633e+03  2.350242e+03  2.472060e+03  2.595399e+03  2.718568e+03  2.842769e+03  2.968745e+03  3.091521e+03  3.215796e+03  3.337937e+03  3.459172e+03  3.582225e+03  3.705589e+03  3.827422e+03  3.950575e+03  4.074570e+03  4.198399e+03  4.322212e+03  4.447690e+03  4.571112e+03  4.696219e+03  4.820504e+03  4.943562e+03 
 1.148297e-07  1.238747e+02  2.476377e+02  3.710668e+02  4.961558e+02  6.210673e+02  7.465126e+02  8.701390e+02  9.948204e+02  1.119538e+03  1.242329e+03  1.365735e+03  1.491205e+03  1.614694e+03  1.738114e+03  1.863082e+03  1.985926e+03  2.110260e+03  2.234903e+03  2.358147e+03  2.480828e+03  2.603103e+03  2.726185e+03  2.849954e+03  2.973178e+03  3.094701e+03  3.218119e+03  3.343744e+03  3.467708e+03  3.592526e+03  3.716291e+03  3.840305e+03  3.963263e+03  4.087406e+03  4.210513e+03  4.333543e+03  4.455158e+03  4.579283e+03  4.702910e+03  4.826497e+03  4.948382e+03 
 1.148297e-07  1.235888e+02  2.474878e+02  3.731114e+02  4.982302e+02  6.233388e+02  7.486939e+02  8.701002e+02  9.944829e+02  1.120335e+03  1.246661e+03  1.370121e+03  1.494242e+03  1.618379e+03  1.742596e+03  1.867231e+03  1.990678e+03  2.114525e+03  2.238479e+03  2.363274e+03  2.487738e+03  2.610362e+03  2.734156e+03  2.858763e+03  2.981472e+03  3.102790e+03  3.223215e+03  3.346688e+03  3.470271e+03  3.594237e+03  3.715309e+03  3.837639e+03  3.961147e+03  4.085853e+03  4.209977e+03  4.332776e+03  4.457051e+03  4.580837e+03  4.703102e+03  4.828412e+03  4.952946e+03 
 1.148297e-07  1.254843e+02  2.500716e+02  3.761001e+02  5.008977e+02  6.253294e+02  7.476908e+02  8.708931e+02  9.940484e+02  1.119428e+03  1.245489e+03  1.369637e+03  1.493206e+03  1.616969e+03  1.740267e+03  1.864683e+03  1.986276e+03  2.109069e+03  2.232901e+03  2.356073e+03  2.478251e+03  2.600698e+03  2.725463e+03  2.849595e+03  2.973578e+03  3.097057e+03  3.218399e+03  3.340793e+03  3.465751e+03  3.590117e+03  3.714721e+03  3.836476e+03  3.960444e+03  4.082874e+03  4.207652e+03  4.334081e+03  4.457739e+03  4.581479e+03  4.703535e+03  4.825841e+03  4.948284e+03 
 1.148297e-07  1.244014e+02  2.494362e+02  3.743767e+02  4.987090e+02  6.231553e+02  7.484022e+02  8.729645e+02  9.980420e+02  1.120463e+03  1.246443e+03  1.370348e+03  1.493609e+03  1.617923e+03  1.742340e+03  1.867417e+03  1.988633e+03  2.110889e+03  2.234925e+03  2.357305e+03  2.480316e+03  2.605568e+03  2.728329e+03  2.853904e+03  2.976974e+03  3.099591e+03  3.224785e+03  3.348997e+03  3.471172e+03  3.594770e+03  3.717932e+03  3.839718e+03  3.963195e+03  4.085595e+03  4.210795e+03  4.333547e+03  4.457841e+03  4.581994e+03  4.706087e+03  4.830864e+03  4.954237e+03 
 1.148297e-07  1.251472e+02  2.517306e+02  3.736824e+02  4.966962e+02  6.211073e+02  7.451761e+02  8.701222e+02  9.948311e+02  1.118511e+03  1.241995e+03  1.367742e+03  1.492235e+03  1.617135e+03  1.741137e+03  1.865989e+03  1.988630e+03  2.110555e+03  2.231831e+03  2.353879e+03  2.477065e+03  2.600574e+03  2.723148e+03  2.845137e+03  2.968229e+03  3.091389e+03  3.216227e+03  3.339457e+03  3.463242e+03  3.585799e+03  3.707147e+03  3.830877e+03  3.954944e+03  4.078467e+03  4.201639e+03  4.324553e+03  4.447718e+03  4.570834e+03  4.694523e+03  4.817195e+03  4.940199e+03 
 1.148297e-07  1.240512e+02  2.503944e+02  3.739652e+02  4.962454e+02  6.199680e+02  7.450152e+02  8.674195e+02  9.919718e+02  1.115400e+03  1.238285e+03  1.361865e+03  1.485110e+03  1.609156e+03  1.733527e+03  1.857628e+03  1.983192e+03  2.104353e+03  2.229099e+03  2.352372e+03  2.475328e+03  2.599328e+03  2.724259e+03  2.848358e+03  2.970846e+03  3.094769e+03  3.218813e+03  3.342305e+03  3.465321e+03  3.590287e+03  3.710298e+03  3.834926e+03  3.956334e+03  4.079253e+03  4.203089e+03  4.325866e+03  4.450906e+03  4.573374e+03  4.697459e+03  4.822036e+03  4.944473e+03 
 1.148297e-07  1.241772e+02  2.463075e+02  3.721285e+02  4.965675e+02  6.202700e+02  7.430311e+02  8.687426e+02  9.907318e+02  1.117051e+03  1.242278e+03  1.367800e+03  1.489460e+03  1.616023e+03  1.738544e+03  1.862532e+03  1.986370e+03  2.110445e+03  2.234062e+03  2.359976e+03  2.484292e+03  2.606253e+03  2.729063e+03  2.852021e+03  2.976526e+03  3.101243e+03  3.226393e+03  3.350689e+03  3.474510e+03  3.598150e+03  3.721931e+03  3.844211e+03  3.967568e+03  4.090269e+03  4.214621e+03  4.338643e+03  4.461911e+03  4.584768e+03  4.707431e+03  4.829184e+03  4.950891e+03 
 1.148297e-07  1.259490e+02  2.500707e+02  3.729890e+02  4.983785e+02  6.216708e+02  7.441305e+02  8.686331e+02  9.921208e+02  1.114903e+03  1.240819e+03  1.364702e+03  1.486333e+03  1.611449e+03  1.735095e+03  1.858526e+03  1.982030e+03  2.107168e+03  2.227786e+03  2.349913e+03  2.473223e+03  2.597614e+03  2.722723e+03  2.845918e+03  2.969092e+03  3.091766e+03  3.215908e+03  3.340652e+03  3.465805e+03  3.588822e+03  3.711956e+03  3.834159e+03  3.956843e+03  4.081046e+03  4.206181e+03  4.330121e+03  4.452120e+03  4.577183e+03  4.701193e+03  4.823195e+03  4.947790e+03 
 1.148297e-07  1.249425e+02  2.490320e+02  3.738611e+02  4.970430e+02  6.210364e+02  7.452084e+02  8.686878e+02  9.932860e+02  1.115999e+03  1.239656e+03  1.362628e+03  1.486832e+03  1.611106e+03  1.735589e+03  1.859411e+03  1.983922e+03  2.107723e+03  2.229393e+03  2.353409e+03  2.477416e+03  2.603971e+03  2.727948e+03  2.851575e+03  2.973408e+03  3.096969e+03  3.222779e+03  3.347266e+03  3.471009e+03  3.595650e+03  3.718795e+03  3.842479e+03  3.964147e+03  4.087940e+03  4.210127e+03  4.332561e+03  4.457159e+03  4.580416e+03  4.702484e+03  4.825483e+03  4.948799e+03 
 1.148297e-07  1.239075e+02  2.497367e+02  3.755576e+02  4.987606e+02  6.231343e+02  7.467812e+02  8.709191e+02  9.969817e+02  1.122197e+03  1.246662e+03  1.370804e+03  1.492969e+03  1.616611e+03  1.739590e+03  1.863316e+03  1.985732e+03  2.110028e+03  2.233334e+03  2.357344e+03  2.481491e+03  2.607502e+03  2.730489e+03  2.855110e+03  2.978793e+03  3.103208e+03  3.225015e+03  3.347075e+03  3.470903e+03  3.594662e+03  3.716996e+03  3.838900e+03  3.962800e+03  4.086376e+03  4.209250e+03  4.332047e+03  4.455243e+03  4.580289e+03  4.703267e+03  4.827760e+03  4.949784e+03 
 1.148297e-07  1.238239e+02  2.469823e+02  3.720537e+02  4.966068e+02  6.205447e+02  7.450682e+02  8.691246e+02  9.937557e+02  1.115496e+03  1.240001e+03  1.361672e+03  1.484448e+03  1.606890e+03  1.730284e+03  1.852174e+03  1.977047e+03  2.101202e+03  2.225251e+03  2.349539e+03  2.474066e+03  2.599319e+03  2.722539e+03  2.847654e+03  2.971526e+03  3.095786e+03  3.220180e+03  3.341660e+03  3.464895e+03  3.587396e+03  3.709719e+03  3.831700e+03  3.954637e+03  4.079884e+03  4.203887e+03  4.327328e+03  4.448754e+03  4.569607e+03  4.694353e+03  4.816896e+03  4.940453e+03 
 1.148297e-07  1.267978e+02  2.512195e+02  3.786571e+02  5.035125e+02  6.282832e+02  7.525799e+02  8.776481e+02  1.000268e+03  1.123830e+03  1.248689e+03  1.372763e+03  1.498697e+03  1.621610e+03  1.744386e+03  1.868103e+03  1.991139e+03  2.115097e+03  2.237811e+03  2.359753e+03  2.483205e+03  2.607605e+03  2.733074e+03  2.857513e+03  2.980962e+03  3.105861e+03  3.229609e+03  3.351124e+03  3.476652e+03  3.598439e+03  3.720749e+03  3.844368e+03  3.967882e+03  4.091763e+03  4.213044e+03  4.336253e+03  4.459751e+03  4.582640e+03  4.705471e+03  4.826343e+03  4.949212e+03 
 1.148297e-07  1.266668e+02  2.535234e+02  3.767977e+02  5.003148e+02  6.238954e+02  7.479439e+02  8.705024e+02  9.967998e+02  1.120265e+03  1.245221e+03  1.370164e+03  1.492720e+03  1.617224e+03  1.742093e+03  1.865554e+03  1.988829e+03  2.115087e+03  2.238415e+03  2.363266e+03  2.485883e+03  2.609833e+03  2.734830e+03  2.856729e+03  2.980438e+03  3.103746e+03  3.225831e+03  3.349099e+03  3.472408e+03  3.596344e+03  3.720204e+03  3.844310e+03  3.967693e+03  4.089290e+03  4.211362e+03  4.334210e+03  4.457173e+03  4.582072e+03  4.705679e+03  4.831325e+03  4.954968e+03 
 1.148297e-07  1.247778e+02  2.491380e+02  3.746440e+02  4.979821e+02  6.219903e+02  7.460194e+02  8.721109e+02  9.948032e+02  1.117200e+03  1.242196e+03  1.365998e+03  1.489795e+03  1.613051e+03  1.737383e+03  1.861917e+03  1.985219e+03  2.107355e+03  2.230886e+03  2.355878e+03  2.477081e+03  2.599075e+03  2.722985e+03  2.846003e+03  2.971722e+03  3.095024e+03  3.219766e+03  3.344023e+03  3.467342e+03  3.592060e+03  3.713995e+03  3.837731e+03  3.960052e+03  4.085403e+03  4.209269e+03  4.334372e+03  4.457606e+03  4.580262e+03  4.704063e+03  4.828205e+03  4.952199e+03 
 1.148297e-07  1.235392e+02  2.477842e+02  3.735207e+02  4.997239e+02  6.235132e+02  7.478465e+02  8.725163e+02  9.963721e+02  1.119858e+03  1.241813e+03  1.365450e+03  1.488227e+03  1.611735e+03  1.735324e+03  1.860303e+03  1.983196e+03  2.105532e+03  2.229623e+03  2.354047e+03  2.477768e+03  2.601663e+03  2.723351e+03  2.845633e+03  2.969203e+03  3.092325e+03  3.216306e+03  3.338486e+03  3.462439e+03  3.586027e+03  3.708955e+03  3.831679e+03  3.956991e+03  4.078764e+03  4.202403e+03  4.326254e+03  4.449788e+03  4.570213e+03  4.691761e+03  4.814655e+03  4.938224e+03 
 1.148297e-07  1.253391e+02  2.491586e+02  3.726028e+02  4.958876e+02  6.195114e+02  7.431202e+02  8.687542e+02  9.921578e+02  1.116764e+03  1.241124e+03  1.366884e+03  1.489581e+03  1.611553e+03  1.734928e+03  1.858894e+03  1.983085e+03  2.105995e+03  2.230321e+03  2.355757e+03  2.480535e+03  2.605617e+03  2.730539e+03  2.855270e+03  2.978657e+03  3.102095e+03  3.226779e+03  3.350419e+03  3.474966e+03  3.598440e+03  3.720990e+03  3.845505e+03  3.970988e+03  4.093483e+03  4.216933e+03  4.341509e+03  4.463926e+03  4.587742e+03  4.711330e+03  4.835320e+03  4.959032e+03 
 1.148297e-07  1.249425e+02  2.496189e+02  3.765429e+02  4.990642e+02  6.213918e+02  7.463330e+02  8.702257e+02  9.964762e+02  1.119710e+03  1.242266e+03  1.365258e+03  1.488013e+03  1.612185e+03  1.735721e+03  1.859027e+03  1.981938e+03  2.105998e+03  2.229348e+03  2.353964e+03  2.479458e+03  2.601497e+03  2.725268e+03  2.848963e+03  2.973862e+03  3.097668e+03  3.220271e+03  3.341016e+03  3.464800e+03  3.588150e+03  3.710468e+03  3.832489e+03  3.952444e+03  4.076338e+03  4.199783e+03  4.324074e+03  4.446148e+03  4.570252e+03  4.694337e+03  4.815825e+03  4.936224e+03 
 1.148297e-07  1.255090e+02  2.487763e+02  3.740377e+02  4.978839e+02  6.221908e+02  7.457506e+02  8.683094e+02  9.928682e+02  1.118533e+03  1.243956e+03  1.368984e+03  1.490673e+03  1.613083e+03  1.737691e+03  1.861414e+03  1.983643e+03  2.107195e+03  2.229031e+03  2.353425e+03  2.475793e+03  2.599963e+03  2.724132e+03  2.848800e+03  2.971862e+03  3.094894e+03  3.218676e+03  3.341405e+03  3.463556e+03  3.586559e+03  3.709917e+03  3.833447e+03  3.956113e+03  4.076871e+03  4.197866e+03  4.319441e+03  4.441739e+03  4.564584e+03  4.689112e+03  4.813751e+03  4.937507e+03 
 1.148297e-07  1.251205e+02  2.497053e+02  3.747242e+02  4.985594e+02  6.222964e+02  7.472057e+02  8.716121e+02  9.961636e+02  1.121509e+03  1.245670e+03  1.371333e+03  1.495158e+03  1.620322e+03  1.744270e+03  1.868146e+03  1.993138e+03  2.117632e+03  2.241969e+03  2.365560e+03  2.489501e+03  2.612629e+03  2.736742e+03  2.859290e+03  2.982571e+03  3.106642e+03  3.229863e+03  3.353674e+03  3.476261e+03  3.598224e+03  3.719627e+03  3.842216e+03  3.966112e+03  4.088620e+03  4.212584e+03  4.336334e+03  4.460368e+03  4.582640e+03  4.706313e+03  4.831150e+03  4.952786e+03 
 1.148297e-07  1.228843e+02  2.487237e+02  3.724279e+02  4.975078e+02  6.212304e+02  7.447665e+02  8.680870e+02  9.904750e+02  1.115238e+03  1.240805e+03  1.365083e+03  1.489851e+03  1.613057e+03  1.735835e+03  1.859196e+03  1.981356e+03  2.103655e+03  2.228216e+03  2.353513e+03  2.477078e+03  2.600249e+03  2.725131e+03  2.847354e+03  2.971248e+03  3.094374e+03  3.217360e+03  3.338804e+03  3.463284e+03  3.587285e+03  3.710123e+03  3.832952e+03  3.954957e+03  4.078833e+03  4.203717e+03  4.325960e+03  4.448632e+03  4.573217e+03  4.696267e+03  4.820716e+03  4.941414e+03 
 1.148297e-07  1.254740e+02  2.495132e+02  3.740311e+02  4.982566e+02  6.225027e+02  7.455069e+02  8.695535e+02  9.916420e+02  1.114690e+03  1.237392e+03  1.361390e+03  1.484562e+03  1.607129e+03  1.731770e+03  1.854956e+03  1.979269e+03  2.103367e+03  2.227244e+03  2.351482e+03  2.475030e+03  2.599738e+03  2.722676e+03  2.844522e+03  2.968681e+03  3.091082e+03  3.213916e+03  3.337453e+03  3.459519e+03  3.582443e+03  3.704541e+03  3.828124e+03  3.952412e+03  4.075318e+03  4.197657e+03  4.321259e+03  4.446522e+03  4.568986e+03  4.692404e+03  4.816307e+03  4.940401e+03 
 1.148297e-07  1.242913e+02  2.483853e+02  3.728381e+02  4.983386e+02  6.250018e+02  7.490277e+02  8.727060e+02  9.979511e+02  1.120302e+03  1.245183e+03  1.369492e+03  1.491286e+03  1.614750e+03  1.738543e+03  1.862043e+03  1.986429e+03  2.109220e+03  2.233449e+03  2.356721e+03  2.480308e+03  2.602197e+03  2.725547e+03  2.848710e+03  2.971495e+03  3.095136e+03  3.217738e+03  3.339408e+03  3.462672e+03  3.588044e+03  3.713412e+03  3.834933e+03  3.960196e+03  4.081739e+03  4.205783e+03  4.328120e+03  4.451665e+03  4.573702e+03  4.699464e+03  4.822497e+03  4.945762e+03 
 1.148297e-07  1.250427e+02  2.500035e+02  3.747666e+02  4.990224e+02  6.235986e+02  7.474726e+02  8.730857e+02  9.965717e+02  1.121648e+03  1.246545e+03  1.371107e+03  1.496749e+03  1.622277e+03  1.746269e+03  1.870852e+03  1.991662e+03  2.115199e+03  2.238611e+03  2.361985e+03  2.487032e+03  2.609488e+03  2.733147e+03  2.857496e+03  2.979252e+03  3.102459e+03  3.224932e+03  3.348359e+03  3.471395e+03  3.594292e+03  3.718841e+03  3.843345e+03  3.968235e+03  4.091346e+03  4.215147e+03  4.338086e+03  4.460695e+03  4.585616e+03  4.707910e+03  4.832840e+03  4.956200e+03 
 1.148297e-07  1.244703e+02  2.501005e+02  3.744784e+02  4.974893e+02  6.223076e+02  7.459176e+02  8.704921e+02  9.931264e+02  1.115998e+03  1.239928e+03  1.365272e+03  1.489866e+03  1.612909e+03  1.736375e+03  1.860574e+03  1.985362e+03  2.109427e+03  2.231956e+03  2.355537e+03  2.477850e+03  2.602059e+03  2.726572e+03  2.851366e+03  2.974816e+03  3.100629e+03  3.224050e+03  3.348240e+03  3.471020e+03  3.594896e+03  3.718820e+03  3.843524e+03  3.967207e+03  4.091146e+03  4.213914e+03  4.335645e+03  4.459660e+03  4.583683e+03  4.707938e+03  4.833860e+03  4.958881e+03 
 1.148297e-07  1.237378e+02  2.489529e+02  3.741501e+02  4.969885e+02  6.198540e+02  7.439162e+02  8.670485e+02  9.896367e+02  1.113695e+03  1.239254e+03  1.363740e+03  1.487703e+03  1.610800e+03  1.736634e+03  1.859992e+03  1.983599e+03  2.106737e+03  2.231552e+03  2.354430e+03  2.478585e+03  2.601166e+03  2.724357e+03  2.845678e+03  2.966984e+03  3.091348e+03  3.214039e+03  3.337398e+03  3.461853e+03  3.584858e+03  3.708293e+03  3.831083e+03  3.953241e+03  4.076029e+03  4.197764e+03  4.321574e+03  4.446549e+03  4.567904e+03  4.690594e+03  4.812869e+03  4.936777e+03 
 1.148297e-07  1.250084e+02  2.504578e+02  3.762039e+02  5.015989e+02  6.263679e+02  7.516678e+02  8.740549e+02  9.980154e+02  1.122694e+03  1.245664e+03  1.369528e+03  1.494890e+03  1.618236e+03  1.743134e+03  1.866360e+03  1.992105e+03  2.118131e+03  2.240891e+03  2.363613e+03  2.485999e+03  2.609813e+03  2.733146e+03  2.857123e+03  2.980312e+03  3.103742e+03  3.226237e+03  3.348690e+03  3.471880e+03  3.594963e+03  3.720012e+03  3.843361e+03  3.967334e+03  4.089946e+03  4.210568e+03  4.333942e+03  4.459827e+03  4.583512e+03  4.706329e+03  4.829868e+03  4.953730e+03 
 1.148297e-07  1.243654e+02  2.472246e+02  3.710057e+02  4.952809e+02  6.202776e+02  7.432346e+02  8.663087e+02  9.906143e+02  1.114647e+03  1.235975e+03  1.358810e+03  1.482839e+03  1.607967e+03  1.730226e+03  1.856509e+03  1.981326e+03  2.104507e+03  2.226034e+03  2.350226e+03  2.473160e+03  2.596798e+03  2.720400e+03  2.844069e+03  2.968254e+03  3.091853e+03  3.215780e+03  3.336160e+03  3.458633e+03  3.582461e+03  3.705194e+03  3.829707e+03  3.951413e+03  4.074040e+03  4.197480e+03  4.321568e+03  4.444937e+03  4.568314e+03  4.691426e+03  4.813130e+03  4.936832e+03 
 1.148297e-07  1.248043e+02  2.498639e+02  3.744388e+02  5.004391e+02  6.242340e+02  7.491960e+02  8.731243e+02  9.980612e+02  1.121556e+03  1.246325e+03  1.370246e+03  1.494658e+03  1.618480e+03  1.742896e+03  1.867832e+03  1.991453e+03  2.115197e+03  2.237813e+03  2.360504e+03  2.483777e+03  2.607817e+03  2.732740e+03  2.853509e+03  2.976659e+03  3.098752e+03  3.224683e+03  3.347231e+03  3.470543e+03  3.594217e+03  3.716232e+03  3.840961e+03  3.965860e+03  4.089289e+03  4.213131e+03  4.335505e+03  4.459966e+03  4.582846e+03  4.705138e+03  4.828198e+03  4.950691e+03 
 1.148297e-07  1.242892e+02  2.481019e+02  3.732715e+02  4.970707e+02  6.197354e+02  7.449992e+02  8.683399e+02  9.910294e+02  1.116037e+03  1.238161e+03  1.361013e+03  1.487115e+03  1.610913e+03  1.736163e+03  1.859557e+03  1.984209e+03  2.105602e+03  2.229418e+03  2.354208e+03  2.476989e+03  2.601595e+03  2.724604e+03  2.845448e+03  2.969375e+03  3.094504e+03  3.217681e+03  3.341407e+03  3.466703e+03  3.589857e+03  3.711198e+03  3.834437e+03  3.957866e+03  4.083544e+03  4.206436e+03  4.331290e+03  4.456228e+03  4.579049e+03  4.702824e+03  4.824366e+03  4.945936e+03 
 1.148297e-07  1.249861e+02  2.497104e+02  3.739123e+02  4.981292e+02  6.232546e+02  7.477914e+02  8.717404e+02  9.947154e+02  1.118253e+03  1.241807e+03  1.367089e+03  1.492478e+03  1.615633e+03  1.739567e+03  1.865888e+03  1.989843e+03  2.115319e+03  2.238296e+03  2.361258e+03  2.483205e+03  2.607121e+03  2.728122e+03  2.853516e+03  2.977194e+03  3.100411e+03  3.224807e+03  3.347868e+03  3.470998e+03  3.594947e+03  3.718634e+03  3.841222e+03  3.961824e+03  4.083697e+03  4.205044e+03  4.329023e+03  4.452741e+03  4.575328e+03  4.699462e+03  4.823206e+03  4.944649e+03 
 1.148297e-07  1.220663e+02  2.458947e+02  3.699148e+02  4.952841e+02  6.200440e+02  7.442335e+02  8.660781e+02  9.907705e+02  1.117217e+03  1.240324e+03  1.363405e+03  1.485740e+03  1.608363e+03  1.731298e+03  1.853757e+03  1.976207e+03  2.098538e+03  2.223639e+03  2.346955e+03  2.471239e+03  2.595555e+03  2.719723e+03  2.846177e+03  2.971429e+03  3.097231e+03  3.220309e+03  3.343810e+03  3.468183e+03  3.592655e+03  3.716587e+03  3.839387e+03  3.962073e+03  4.087133e+03  4.209568e+03  4.331749e+03  4.453537e+03  4.577819e+03  4.699709e+03  4.822549e+03  4.946526e+03 
 1.148297e-07  1.241667e+02  2.476324e+02  3.692710e+02  4.935067e+02  6.181482e+02  7.427374e+02  8.672408e+02  9.899709e+02  1.112654e+03  1.236551e+03  1.361112e+03  1.483682e+03  1.606507e+03  1.731593e+03  1.854965e+03  1.977573e+03  2.100094e+03  2.222186e+03  2.346349e+03  2.467976e+03  2.590176e+03  2.714628e+03  2.838170e+03  2.961606e+03  3.085190e+03  3.208884e+03  3.332998e+03  3.457391e+03  3.582083e+03  3.704952e+03  3.828697e+03  3.952507e+03  4.074315e+03  4.198131e+03  4.322221e+03  4.446203e+03  4.570856e+03  4.693893e+03  4.818187e+03  4.940293e+03 
 1.148297e-07  1.248593e+02  2.475732e+02  3.711622e+02  4.965635e+02  6.219748e+02  7.466742e+02  8.719530e+02  9.949587e+02  1.117349e+03  1.240473e+03  1.364037e+03  1.489039e+03  1.613307e+03  1.736383e+03  1.862906e+03  1.985931e+03  2.109180e+03  2.231330e+03  2.355193e+03  2.478127e+03  2.603309e+03  2.727882e+03  2.850432e+03  2.974116e+03  3.096533e+03  3.218280e+03  3.343692e+03  3.466721e+03  3.588400e+03  3.712812e+03  3.833982e+03  3.959202e+03  4.080683e+03  4.203656e+03  4.327264e+03  4.452047e+03  4.574662e+03  4.697034e+03  4.820285e+03  4.944181e+03 
 1.148297e-07  1.252303e+02  2.492569e+02  3.740086e+02  4.968594e+02  6.218850e+02  7.447416e+02  8.696779e+02  9.943884e+02  1.120941e+03  1.243481e+03  1.367062e+03  1.491033e+03  1.614207e+03  1.738523e+03  1.862219e+03  1.984679e+03  2.107446e+03  2.231705e+03  2.354384e+03  2.478118e+03  2.600810e+03  2.724183e+03  2.847693e+03  2.973767e+03  3.097520e+03  3.220946e+03  3.346738e+03  3.469434e+03  3.591754e+03  3.716697e+03  3.840080e+03  3.963742e+03  4.088168e+03  4.210060e+03  4.332195e+03  4.454917e+03  4.578967e+03  4.701377e+03  4.824232e+03  4.946622e+03 
 1.148297e-07  1.255141e+02  2.514700e+02  3.764657e+02  5.017697e+02  6.259656e+02  7.510421e+02  8.754586e+02  9.992566e+02  1.123426e+03  1.247859e+03  1.370498e+03  1.495506e+03  1.617835e+03  1.741164e+03  1.865302e+03  1.991941e+03  2.114856e+03  2.240466e+03  2.364066e+03  2.487853e+03  2.612288e+03  2.735358e+03  2.858423e+03  2.982098e+03  3.105993e+03  3.228474e+03  3.352282e+03  3.474223e+03  3.599206e+03  3.723507e+03  3.847649e+03  3.970775e+03  4.093667e+03  4.216385e+03  4.340472e+03  4.462854e+03  4.588265e+03  4.710339e+03  4.834973e+03  4.956193e+03 
 1.148297e-07  1.242956e+02  2.486057e+02  3.745339e+02  4.996789e+02  6.220016e+02  7.461173e+02  8.691647e+02  9.942235e+02  1.117781e+03  1.241976e+03  1.367391e+03  1.490262e+03  1.613359e+03  1.736914e+03  1.858925e+03  1.982603e+03  2.104683e+03  2.228314e+03  2.351752e+03  2.476186e+03  2.598124e+03  2.721681e+03  2.845697e+03  2.971242e+03  3.093725e+03  3.216843e+03  3.341449e+03  3.464214e+03  3.587991e+03  3.711432e+03  3.834757e+03  3.956038e+03  4.079803e+03  4.204580e+03  4.328428e+03  4.451029e+03  4.573017e+03  4.696600e+03  4.820367e+03  4.944777e+03 
 1.148297e-07  1.248802e+02  2.504514e+02  3.751897e+02  4.997055e+02  6.246355e+02  7.488989e+02  8.708166e+02  9.944233e+02  1.118595e+03  1.242713e+03  1.365657e+03  1.489595e+03  1.614093e+03  1.738013e+03  1.863361e+03  1.987520e+03  2.113055e+03  2.236634e+03  2.359492e+03  2.483139e+03  2.605774e+03  2.729479e+03  2.852317e+03  2.974313e+03  3.096784e+03  3.220322e+03  3.342116e+03  3.465701e+03  3.588679e+03  3.712756e+03  3.836181e+03  3.960639e+03  4.083930e+03  4.203987e+03  4.326046e+03  4.450156e+03  4.574530e+03  4.699312e+03  4.821233e+03  4.944516e+03 
 1.148297e-07  1.251853e+02  2.517559e+02  3.774337e+02  5.012808e+02  6.256564e+02  7.508745e+02  8.747727e+02  9.982450e+02  1.123006e+03  1.247840e+03  1.369709e+03  1.494346e+03  1.618845e+03  1.745504e+03  1.869222e+03  1.993970e+03  2.117204e+03  2.240811e+03  2.365574e+03  2.490152e+03  2.613856e+03  2.738058e+03  2.861434e+03  2.983031e+03  3.106820e+03  3.232267e+03  3.353149e+03  3.478252e+03  3.599779e+03  3.721513e+03  3.844948e+03  3.967148e+03  4.090984e+03  4.215054e+03  4.339009e+03  4.462015e+03  4.587506e+03  4.709932e+03  4.833406e+03  4.955992e+03 

