Metadata:
time = 20000
cstar = 1.0150
h = 0.50000
eps = 0.1000
FrameSkip = 1000

cfit_ens:
 1.015000e+00  1.013679e+00  1.013422e+00  1.012815e+00  1.012507e+00  1.011754e+00  1.011377e+00  1.011135e+00  1.010647e+00  1.010485e+00  1.010176e+00  1.009611e+00  1.009511e+00  1.009001e+00  1.008760e+00  1.008556e+00  1.008489e+00  1.008027e+00  1.007744e+00  1.007613e+00  1.007344e+00  1.007264e+00  1.007225e+00  1.007038e+00  1.006695e+00  1.006573e+00  1.006391e+00  1.006273e+00  1.006157e+00  1.006096e+00  1.005824e+00  1.005710e+00  1.005573e+00  1.005536e+00  1.005398e+00  1.005353e+00  1.005256e+00  1.005059e+00  1.005023e+00  1.005000e+00  1.005000e+00 
 1.015000e+00  1.014418e+00  1.013314e+00  1.012833e+00  1.012745e+00  1.012135e+00  1.011393e+00  1.010943e+00  1.010574e+00  1.010071e+00  1.009745e+00  1.009384e+00  1.009051e+00  1.008895e+00  1.008527e+00  1.008412e+00  1.008112e+00  1.008093e+00  1.007542e+00  1.007440e+00  1.007458e+00  1.007171e+00  1.006868e+00  1.006835e+00  1.006579e+00  1.006521e+00  1.006415e+00  1.006232e+00  1.006124e+00  1.005865e+00  1.005892e+00  1.005738e+00  1.005564e+00  1.005351e+00  1.005403e+00  1.005221e+00  1.005125e+00  1.005086e+00  1.005042e+00  1.005000e+00  1.005000e+00 
 1.015000e+00  1.014048e+00  1.013688e+00  1.012976e+00  1.012198e+00  1.012051e+00  1.011901e+00  1.011278e+00  1.010850e+00  1.010516e+00  1.010138e+00  1.009869e+00  1.009627e+00  1.009310e+00  1.009034e+00  1.008711e+00  1.008322e+00  1.008324e+00  1.007988e+00  1.007571e+00  1.007644e+00  1.007567e+00  1.007154e+00  1.007041e+00  1.006836e+00  1.006667e+00  1.006716e+00  1.006409e+00  1.006352e+00  1.006063e+00  1.006039e+00  1.005880e+00  1.005771e+00  1.005601e+00  1.005730e+00  1.005431e+00  1.005403e+00  1.005287e+00  1.005099e+00  1.005000e+00  1.005021e+00 
 1.015000e+00  1.014199e+00  1.013564e+00  1.013181e+00  1.012866e+00  1.011911e+00  1.011747e+00  1.011062e+00  1.010856e+00  1.010643e+00  1.010224e+00  1.009572e+00  1.009459e+00  1.009228e+00  1.009064e+00  1.008630e+00  1.008456e+00  1.008144e+00  1.007947e+00  1.007696e+00  1.007429e+00  1.007284e+00  1.006969e+00  1.006856e+00  1.006732e+00  1.006472e+00  1.006454e+00  1.006320e+00  1.006219e+00  1.006094e+00  1.006001e+00  1.005716e+00  1.005595e+00  1.005387e+00  1.005387e+00  1.005365e+00  1.005089e+00  1.005104e+00  1.005018e+00  1.005000e+00  1.005000e+00 
 1.015000e+00  1.014252e+00  1.013725e+00  1.012838e+00  1.012376e+00  1.012100e+00  1.011460e+00  1.011109e+00  1.010727e+00  1.010584e+00  1.010026e+00  1.009631e+00  1.009223e+00  1.009115e+00  1.008780e+00  1.008498e+00  1.008362e+00  1.008180e+00  1.007919e+00  1.007748e+00  1.007425e+00  1.007429e+00  1.007121e+00  1.006975e+00  1.006714e+00  1.006645e+00  1.006490e+00  1.006270e+00  1.006093e+00  1.006020e+00  1.005970e+00  1.005848e+00  1.005694e+00  1.005565e+00  1.005508e+00  1.005388e+00  1.005332e+00  1.005169e+00  1.005074e+00  1.005000e+00  1.005000e+00 
 1.015000e+00  1.014577e+00  1.013431e+00  1.013109e+00  1.012448e+00  1.012084e+00  1.011610e+00  1.010988e+00  1.010826e+00  1.010435e+00  1.009953e+00  1.009738e+00  1.009259e+00  1.008927e+00  1.008874e+00  1.008641e+00  1.008296e+00  1.007867e+00  1.007649e+00  1.007552e+00  1.007300e+00  1.007189e+00  1.007102e+00  1.006754e+00  1.006627e+00  1.006527e+00  1.006513e+00  1.006206e+00  1.006077e+00  1.005935e+00  1.006013e+00  1.005796e+00  1.005694e+00  1.005557e+00  1.005472e+00  1.005298e+00  1.005268e+00  1.005196e+00  1.005000e+00  1.005000e+00  1.005000e+00 
 1.015000e+00  1.014358e+00  1.013932e+00  1.012947e+00  1.012338e+00  1.011775e+00  1.011724e+00  1.011048e+00  1.010841e+00  1.010499e+00  1.010109e+00  1.009707e+00  1.009401e+00  1.009090e+00  1.008848e+00  1.008588e+00  1.008323e+00  1.007910e+00  1.007925e+00  1.007724e+00  1.007594e+00  1.007267e+00  1.007006e+00  1.006900e+00  1.006819e+00  1.006586e+00  1.006515e+00  1.006324e+00  1.006205e+00  1.006042e+00  1.005818e+00  1.005783e+00  1.005690e+00  1.005528e+00  1.005389e+00  1.005343e+00  1.005251e+00  1.005059e+00  1.005057e+00  1.005000e+00  1.005000e+00 
 1.015000e+00  1.014461e+00  1.014309e+00  1.013245e+00  1.012790e+00  1.012254e+00  1.011609e+00  1.011478e+00  1.010749e+00  1.010473e+00  1.009864e+00  1.009854e+00  1.009531e+00  1.009045e+00  1.008883e+00  1.008752e+00  1.008571e+00  1.008186e+00  1.007975e+00  1.007778e+00  1.007510e+00  1.007365e+00  1.007108e+00  1.007012e+00  1.007006e+00  1.006812e+00  1.006501e+00  1.006507e+00  1.006335e+00  1.006131e+00  1.006018e+00  1.005844e+00  1.005840e+00  1.005681e+00  1.005531e+00  1.005494e+00  1.005380e+00  1.005311e+00  1.005108e+00  1.005067e+00  1.005000e+00 
 1.015000e+00  1.013791e+00  1.013519e+00  1.012849e+00  1.012399e+00  1.011954e+00  1.011141e+00  1.010693e+00  1.010458e+00  1.010178e+00  1.009745e+00  1.009302e+00  1.009055e+00  1.008919e+00  1.008586e+00  1.008442e+00  1.008122e+00  1.007907e+00  1.007724e+00  1.007539e+00  1.007185e+00  1.006954e+00  1.006889e+00  1.006822e+00  1.006686e+00  1.006461e+00  1.006248e+00  1.006089e+00  1.006028e+00  1.005979e+00  1.005675e+00  1.005677e+00  1.005657e+00  1.005458e+00  1.005426e+00  1.005292e+00  1.005228e+00  1.005218e+00  1.005044e+00  1.005000e+00  1.005000e+00 
 1.015000e+00  1.014065e+00  1.013543e+00  1.012957e+00  1.012330e+00  1.012071e+00  1.011451e+00  1.011474e+00  1.010501e+00  1.010117e+00  1.010093e+00  1.009475e+00  1.009118e+00  1.008856e+00  1.008783e+00  1.008410e+00  1.008134e+00  1.007989e+00  1.007687e+00  1.007513e+00  1.007524e+00  1.007216e+00  1.006888e+00  1.006764e+00  1.006699e+00  1.006363e+00  1.006200e+00  1.006305e+00  1.006134e+00  1.005934e+00  1.005762e+00  1.005752e+00  1.005568e+00  1.005574e+00  1.005288e+00  1.005255e+00  1.005160e+00  1.005067e+00  1.005024e+00  1.005000e+00  1.005000e+00 
 1.015000e+00  1.014774e+00  1.013870e+00  1.013210e+00  1.012673e+00  1.012052e+00  1.011658e+00  1.011050e+00  1.010548e+00  1.010163e+00  1.010033e+00  1.009667e+00  1.009342e+00  1.009215e+00  1.008766e+00  1.008454e+00  1.008196e+00  1.008176e+00  1.007807e+00  1.007569e+00  1.007233e+00  1.007093e+00  1.006912e+00  1.006869e+00  1.006664e+00  1.006408e+00  1.006318e+00  1.006257e+00  1.005943e+00  1.005861e+00  1.005809e+00  1.005673e+00  1.005637e+00  1.005357e+00  1.005377e+00  1.005279e+00  1.005165e+00  1.005097e+00  1.005000e+00  1.005000e+00  1.005000e+00 
 1.015000e+00  1.014137e+00  1.013352e+00  1.012777e+00  1.012206e+00  1.011859e+00  1.011384e+00  1.011166e+00  1.010670e+00  1.010086e+00  1.009792e+00  1.009503e+00  1.009069e+00  1.008744e+00  1.008592e+00  1.008223e+00  1.008165e+00  1.007825e+00  1.007702e+00  1.007561e+00  1.007355e+00  1.007149e+00  1.006716e+00  1.006716e+00  1.006713e+00  1.006551e+00  1.006192e+00  1.006189e+00  1.006062e+00  1.005954e+00  1.005795e+00  1.005715e+00  1.005665e+00  1.005520e+00  1.005403e+00  1.005322e+00  1.005120e+00  1.005160e+00  1.005003e+00  1.005000e+00  1.005000e+00 
 1.015000e+00  1.014033e+00  1.013363e+00  1.012654e+00  1.012176e+00  1.011873e+00  1.011389e+00  1.010806e+00  1.010502e+00  1.010393e+00  1.010092e+00  1.009637e+00  1.009362e+00  1.009169e+00  1.008713e+00  1.008663e+00  1.008480e+00  1.007930e+00  1.007743e+00  1.007785e+00  1.007484e+00  1.007278e+00  1.007195e+00  1.007081e+00  1.006831e+00  1.006727e+00  1.006616e+00  1.006356e+00  1.006210e+00  1.006152e+00  1.005952e+00  1.005821e+00  1.005641e+00  1.005688e+00  1.005457e+00  1.005435e+00  1.005278e+00  1.005140e+00  1.005215e+00  1.005000e+00  1.005000e+00 
 1.015000e+00  1.014025e+00  1.013638e+00  1.013237e+00  1.012865e+00  1.012119e+00  1.011542e+00  1.011224e+00  1.010766e+00  1.010481e+00  1.010136e+00  1.009739e+00  1.009632e+00  1.009128e+00  1.008884e+00  1.008590e+00  1.008506e+00  1.008292e+00  1.007928e+00  1.007809e+00  1.007405e+00  1.007314e+00  1.007162e+00  1.006857e+00  1.006684e+00  1.006475e+00  1.006593e+00  1.006413e+00  1.006416e+00  1.006224e+00  1.005911e+00  1.005794e+00  1.005747e+00  1.005729e+00  1.005482e+00  1.005387e+00  1.005322e+00  1.005185e+00  1.005168e+00  1.005000e+00  1.005004e+00 
 1.015000e+00  1.014415e+00  1.013468e+00  1.013100e+00  1.012658e+00  1.012143e+00  1.011649e+00  1.010863e+00  1.010681e+00  1.010513e+00  1.010031e+00  1.009466e+00  1.009605e+00  1.008993e+00  1.008758e+00  1.008348e+00  1.007989e+00  1.007910e+00  1.007852e+00  1.007598e+00  1.007504e+00  1.007104e+00  1.007028e+00  1.006683e+00  1.006646e+00  1.006382e+00  1.006435e+00  1.006245e+00  1.006066e+00  1.006081e+00  1.005761e+00  1.005735e+00  1.005643e+00  1.005365e+00  1.005440e+00  1.005306e+00  1.005163e+00  1.005109e+00  1.005019e+00  1.005000e+00  1.005000e+00 
 1.015000e+00  1.014019e+00  1.013118e+00  1.012824e+00  1.012468e+00  1.011570e+00  1.010909e+00  1.010665e+00  1.010449e+00  1.010165e+00  1.009621e+00  1.009255e+00  1.009203e+00  1.008881e+00  1.008715e+00  1.008302e+00  1.008068e+00  1.007774e+00  1.007676e+00  1.007384e+00  1.007317e+00  1.006951e+00  1.006878e+00  1.006761e+00  1.006611e+00  1.006379e+00  1.006298e+00  1.006140e+00  1.005986e+00  1.005747e+00  1.005712e+00  1.005606e+00  1.005483e+00  1.005351e+00  1.005369e+00  1.005198e+00  1.005106e+00  1.005000e+00  1.005000e+00  1.005000e+00  1.005000e+00 
 1.015000e+00  1.014235e+00  1.013923e+00  1.013461e+00  1.012760e+00  1.012017e+00  1.011556e+00  1.011119e+00  1.011020e+00  1.010555e+00  1.010010e+00  1.009730e+00  1.009459e+00  1.008985e+00  1.008660e+00  1.008537e+00  1.008086e+00  1.007866e+00  1.007755e+00  1.007431e+00  1.007309e+00  1.007229e+00  1.007008e+00  1.006955e+00  1.006651e+00  1.006480e+00  1.006426e+00  1.006245e+00  1.006190e+00  1.005915e+00  1.005818e+00  1.005727e+00  1.005544e+00  1.005418e+00  1.005294e+00  1.005330e+00  1.005254e+00  1.005205e+00  1.005041e+00  1.005000e+00  1.005000e+00 
 1.015000e+00  1.014274e+00  1.014063e+00  1.013276e+00  1.012542e+00  1.011781e+00  1.011842e+00  1.011028e+00  1.010666e+00  1.010461e+00  1.010129e+00  1.009718e+00  1.009460e+00  1.009063e+00  1.008823e+00  1.008640e+00  1.008364e+00  1.007998e+00  1.007756e+00  1.007695e+00  1.007461e+00  1.007290e+00  1.007201e+00  1.006849e+00  1.006894e+00  1.006702e+00  1.006373e+00  1.006334e+00  1.006340e+00  1.006062e+00  1.005894e+00  1.005859e+00  1.005761e+00  1.005473e+00  1.005558e+00  1.005301e+00  1.005215e+00  1.005171e+00  1.005140e+00  1.005000e+00  1.005000e+00 
 1.015000e+00  1.013886e+00  1.013264e+00  1.012969e+00  1.012384e+00  1.011628e+00  1.011324e+00  1.010849e+00  1.010686e+00  1.010394e+00  1.009929e+00  1.009620e+00  1.009208e+00  1.009310e+00  1.008880e+00  1.008586e+00  1.008299e+00  1.008013e+00  1.007677e+00  1.007536e+00  1.007396e+00  1.007187e+00  1.007010e+00  1.006900e+00  1.006754e+00  1.006558e+00  1.006345e+00  1.006230e+00  1.006034e+00  1.006015e+00  1.005833e+00  1.005751e+00  1.005632e+00  1.005675e+00  1.005340e+00  1.005276e+00  1.005239e+00  1.005120e+00  1.005018e+00  1.005000e+00  1.005000e+00 
 1.015000e+00  1.014012e+00  1.013872e+00  1.013282e+00  1.012725e+00  1.012326e+00  1.011587e+00  1.011382e+00  1.010664e+00  1.010504e+00  1.010136e+00  1.009742e+00  1.009458e+00  1.009124e+00  1.008872e+00  1.008527e+00  1.008324e+00  1.007991e+00  1.007866e+00  1.007660e+00  1.007383e+00  1.007277e+00  1.007162e+00  1.006857e+00  1.006803e+00  1.006594e+00  1.006326e+00  1.006143e+00  1.006146e+00  1.005982e+00  1.005848e+00  1.005800e+00  1.005700e+00  1.005558e+00  1.005477e+00  1.005394e+00  1.005195e+00  1.005150e+00  1.005049e+00  1.005000e+00  1.005000e+00 
 1.015000e+00  1.014510e+00  1.013602e+00  1.012923e+00  1.012319e+00  1.011785e+00  1.011703e+00  1.011312e+00  1.010672e+00  1.010192e+00  1.009864e+00  1.009731e+00  1.009306e+00  1.009002e+00  1.008664e+00  1.008521e+00  1.007933e+00  1.007967e+00  1.007791e+00  1.007659e+00  1.007482e+00  1.007293e+00  1.007028e+00  1.006840e+00  1.006539e+00  1.006509e+00  1.006330e+00  1.006293e+00  1.006094e+00  1.005983e+00  1.005859e+00  1.005730e+00  1.005598e+00  1.005586e+00  1.005383e+00  1.005390e+00  1.005200e+00  1.005116e+00  1.005128e+00  1.005000e+00  1.005000e+00 
 1.015000e+00  1.014403e+00  1.013732e+00  1.012753e+00  1.012363e+00  1.011921e+00  1.011601e+00  1.011070e+00  1.011002e+00  1.010565e+00  1.010322e+00  1.009862e+00  1.009509e+00  1.009092e+00  1.008819e+00  1.008572e+00  1.008369e+00  1.008041e+00  1.007797e+00  1.007500e+00  1.007409e+00  1.007248e+00  1.007116e+00  1.006951e+00  1.006648e+00  1.006528e+00  1.006423e+00  1.006339e+00  1.006121e+00  1.006013e+00  1.005959e+00  1.005920e+00  1.005749e+00  1.005579e+00  1.005413e+00  1.005472e+00  1.005247e+00  1.005171e+00  1.005107e+00  1.005000e+00  1.005000e+00 
 1.015000e+00  1.014386e+00  1.013731e+00  1.012999e+00  1.012401e+00  1.012081e+00  1.011523e+00  1.010987e+00  1.010823e+00  1.010439e+00  1.009907e+00  1.009624e+00  1.009187e+00  1.008898e+00  1.008724e+00  1.008437e+00  1.008138e+00  1.007972e+00  1.007501e+00  1.007511e+00  1.007342e+00  1.007152e+00  1.006976e+00  1.006792e+00  1.006566e+00  1.006452e+00  1.006291e+00  1.006172e+00  1.006052e+00  1.005793e+00  1.005771e+00  1.005682e+00  1.005573e+00  1.005416e+00  1.005285e+00  1.005316e+00  1.005220e+00  1.005045e+00  1.005012e+00  1.005000e+00  1.005000e+00 
 1.015000e+00  1.014448e+00  1.013731e+00  1.013216e+00  1.012492e+00  1.012183e+00  1.011841e+00  1.011140e+00  1.011063e+00  1.010491e+00  1.010045e+00  1.009953e+00  1.009423e+00  1.009089e+00  1.008819e+00  1.008818e+00  1.008374e+00  1.008168e+00  1.007935e+00  1.007588e+00  1.007566e+00  1.007136e+00  1.007042e+00  1.006916e+00  1.006689e+00  1.006551e+00  1.006525e+00  1.006399e+00  1.006230e+00  1.006052e+00  1.005969e+00  1.005853e+00  1.005798e+00  1.005512e+00  1.005375e+00  1.005267e+00  1.005238e+00  1.005164e+00  1.005097e+00  1.005000e+00  1.005000e+00 
 1.015000e+00  1.014457e+00  1.013794e+00  1.013066e+00  1.012799e+00  1.012348e+00  1.011823e+00  1.011287e+00  1.010506e+00  1.010472e+00  1.010083e+00  1.009788e+00  1.009595e+00  1.009226e+00  1.008809e+00  1.008617e+00  1.008541e+00  1.008281e+00  1.007921e+00  1.007685e+00  1.007676e+00  1.007547e+00  1.007203e+00  1.007035e+00  1.006849e+00  1.006649e+00  1.006547e+00  1.006325e+00  1.006295e+00  1.006168e+00  1.006016e+00  1.005909e+00  1.005737e+00  1.005561e+00  1.005506e+00  1.005456e+00  1.005240e+00  1.005265e+00  1.005136e+00  1.005046e+00  1.005000e+00 
 1.015000e+00  1.014662e+00  1.013671e+00  1.013149e+00  1.012545e+00  1.011955e+00  1.012010e+00  1.011161e+00  1.010665e+00  1.010404e+00  1.010218e+00  1.009346e+00  1.009284e+00  1.008962e+00  1.008684e+00  1.008528e+00  1.008256e+00  1.008080e+00  1.007701e+00  1.007656e+00  1.007318e+00  1.007290e+00  1.007098e+00  1.006965e+00  1.006792e+00  1.006506e+00  1.006436e+00  1.006324e+00  1.006035e+00  1.005835e+00  1.005780e+00  1.005686e+00  1.005519e+00  1.005530e+00  1.005441e+00  1.005322e+00  1.005227e+00  1.005098e+00  1.005000e+00  1.005000e+00  1.005000e+00 
 1.015000e+00  1.013804e+00  1.013437e+00  1.012792e+00  1.012135e+00  1.011861e+00  1.011403e+00  1.010645e+00  1.010380e+00  1.010169e+00  1.009742e+00  1.009529e+00  1.009336e+00  1.008985e+00  1.008600e+00  1.008302e+00  1.008323e+00  1.008002e+00  1.007759e+00  1.007646e+00  1.007383e+00  1.007244e+00  1.007034e+00  1.006802e+00  1.006933e+00  1.006620e+00  1.006561e+00  1.006283e+00  1.006263e+00  1.006084e+00  1.005955e+00  1.005743e+00  1.005584e+00  1.005635e+00  1.005412e+00  1.005417e+00  1.005197e+00  1.005166e+00  1.005072e+00  1.005000e+00  1.005000e+00 
 1.015000e+00  1.014467e+00  1.014024e+00  1.013316e+00  1.012835e+00  1.011991e+00  1.011657e+00  1.011191e+00  1.011087e+00  1.010471e+00  1.010175e+00  1.009857e+00  1.009309e+00  1.009131e+00  1.008862e+00  1.008441e+00  1.008326e+00  1.007918e+00  1.007689e+00  1.007642e+00  1.007323e+00  1.007112e+00  1.007073e+00  1.006790e+00  1.006645e+00  1.006578e+00  1.006288e+00  1.006289e+00  1.006191e+00  1.006056e+00  1.005822e+00  1.005775e+00  1.005672e+00  1.005610e+00  1.005387e+00  1.005275e+00  1.005266e+00  1.005168e+00  1.005034e+00  1.005000e+00  1.005000e+00 
 1.015000e+00  1.014276e+00  1.013643e+00  1.012994e+00  1.012513e+00  1.012204e+00  1.011824e+00  1.011132e+00  1.010664e+00  1.010294e+00  1.010092e+00  1.009641e+00  1.009269e+00  1.008927e+00  1.008732e+00  1.008694e+00  1.008294e+00  1.008039e+00  1.007872e+00  1.007725e+00  1.007266e+00  1.007211e+00  1.006944e+00  1.006719e+00  1.006572e+00  1.006565e+00  1.006306e+00  1.006161e+00  1.006012e+00  1.005904e+00  1.005873e+00  1.005789e+00  1.005570e+00  1.005495e+00  1.005310e+00  1.005343e+00  1.005112e+00  1.005020e+00  1.005043e+00  1.005000e+00  1.005000e+00 
 1.015000e+00  1.014461e+00  1.013131e+00  1.013000e+00  1.012276e+00  1.011883e+00  1.011376e+00  1.010925e+00  1.010302e+00  1.010293e+00  1.009944e+00  1.009547e+00  1.009211e+00  1.008859e+00  1.008541e+00  1.008472e+00  1.008069e+00  1.008086e+00  1.007728e+00  1.007453e+00  1.007129e+00  1.006940e+00  1.006892e+00  1.006680e+00  1.006426e+00  1.006439e+00  1.006343e+00  1.006280e+00  1.006042e+00  1.005853e+00  1.005741e+00  1.005508e+00  1.005478e+00  1.005388e+00  1.005287e+00  1.005207e+00  1.005120e+00  1.005000e+00  1.005000e+00  1.005000e+00  1.005000e+00 
 1.015000e+00  1.014134e+00  1.013450e+00  1.012931e+00  1.012460e+00  1.011820e+00  1.011371e+00  1.011188e+00  1.010506e+00  1.010170e+00  1.009916e+00  1.009545e+00  1.009140e+00  1.008988e+00  1.008717e+00  1.008537e+00  1.008209e+00  1.007937e+00  1.007864e+00  1.007461e+00  1.007255e+00  1.007264e+00  1.007011e+00  1.006869e+00  1.006690e+00  1.006618e+00  1.006475e+00  1.006206e+00  1.006134e+00  1.005975e+00  1.005981e+00  1.005838e+00  1.005608e+00  1.005472e+00  1.005358e+00  1.005322e+00  1.005276e+00  1.005128e+00  1.005094e+00  1.005000e+00  1.005000e+00 
 1.015000e+00  1.014256e+00  1.013750e+00  1.013396e+00  1.012929e+00  1.012349e+00  1.011590e+00  1.011247e+00  1.011026e+00  1.010355e+00  1.010228e+00  1.009882e+00  1.009796e+00  1.009261e+00  1.008988e+00  1.008576e+00  1.008356e+00  1.008004e+00  1.007917e+00  1.007656e+00  1.007383e+00  1.007287e+00  1.007055e+00  1.007037e+00  1.006936e+00  1.006619e+00  1.006562e+00  1.006483e+00  1.006122e+00  1.006201e+00  1.006015e+00  1.006009e+00  1.005691e+00  1.005628e+00  1.005550e+00  1.005484e+00  1.005333e+00  1.005233e+00  1.005160e+00  1.005000e+00  1.005000e+00 
 1.015000e+00  1.014106e+00  1.013316e+00  1.012774e+00  1.012344e+00  1.011851e+00  1.011328e+00  1.011049e+00  1.010826e+00  1.010356e+00  1.009928e+00  1.009649e+00  1.009435e+00  1.008951e+00  1.008855e+00  1.008380e+00  1.008322e+00  1.008082e+00  1.007700e+00  1.007520e+00  1.007372e+00  1.007218e+00  1.007019e+00  1.006899e+00  1.006758e+00  1.006563e+00  1.006459e+00  1.006247e+00  1.006177e+00  1.005943e+00  1.005750e+00  1.005752e+00  1.005710e+00  1.005646e+00  1.005436e+00  1.005249e+00  1.005142e+00  1.005112e+00  1.005000e+00  1.005000e+00  1.005000e+00 
 1.015000e+00  1.014762e+00  1.013805e+00  1.013501e+00  1.012946e+00  1.012418e+00  1.011743e+00  1.011502e+00  1.011042e+00  1.010459e+00  1.010164e+00  1.009944e+00  1.009344e+00  1.009393e+00  1.009138e+00  1.008657e+00  1.008335e+00  1.008344e+00  1.007948e+00  1.007901e+00  1.007600e+00  1.007423e+00  1.007084e+00  1.006986e+00  1.006855e+00  1.006661e+00  1.006559e+00  1.006493e+00  1.006302e+00  1.006208e+00  1.006067e+00  1.005896e+00  1.005822e+00  1.005649e+00  1.005571e+00  1.005471e+00  1.005362e+00  1.005211e+00  1.005236e+00  1.005084e+00  1.005022e+00 
 1.015000e+00  1.014741e+00  1.014236e+00  1.013473e+00  1.013172e+00  1.012392e+00  1.011654e+00  1.011332e+00  1.010924e+00  1.010689e+00  1.010188e+00  1.009864e+00  1.009479e+00  1.008980e+00  1.008860e+00  1.008763e+00  1.008621e+00  1.008207e+00  1.008080e+00  1.007778e+00  1.007539e+00  1.007412e+00  1.007012e+00  1.006979e+00  1.006808e+00  1.006615e+00  1.006589e+00  1.006427e+00  1.006266e+00  1.006003e+00  1.006006e+00  1.005786e+00  1.005744e+00  1.005525e+00  1.005569e+00  1.005391e+00  1.005231e+00  1.005247e+00  1.005000e+00  1.005015e+00  1.005000e+00 
 1.015000e+00  1.014023e+00  1.013674e+00  1.012967e+00  1.012431e+00  1.011854e+00  1.011504e+00  1.011343e+00  1.010582e+00  1.010160e+00  1.010062e+00  1.009534e+00  1.009547e+00  1.008998e+00  1.008814e+00  1.008387e+00  1.008089e+00  1.007887e+00  1.007709e+00  1.007686e+00  1.007310e+00  1.007255e+00  1.007190e+00  1.006949e+00  1.006714e+00  1.006673e+00  1.006448e+00  1.006253e+00  1.006111e+00  1.006072e+00  1.005801e+00  1.005867e+00  1.005708e+00  1.005504e+00  1.005464e+00  1.005202e+00  1.005164e+00  1.005053e+00  1.005073e+00  1.005002e+00  1.005000e+00 
 1.015000e+00  1.014200e+00  1.013179e+00  1.012823e+00  1.012315e+00  1.011845e+00  1.011202e+00  1.010979e+00  1.010574e+00  1.010140e+00  1.010117e+00  1.009462e+00  1.009072e+00  1.009037e+00  1.008707e+00  1.008203e+00  1.008166e+00  1.007911e+00  1.007752e+00  1.007497e+00  1.007318e+00  1.007157e+00  1.006986e+00  1.006789e+00  1.006692e+00  1.006526e+00  1.006341e+00  1.006202e+00  1.006097e+00  1.005946e+00  1.005711e+00  1.005695e+00  1.005513e+00  1.005441e+00  1.005364e+00  1.005332e+00  1.005093e+00  1.005000e+00  1.005000e+00  1.005000e+00  1.005000e+00 
 1.015000e+00  1.014176e+00  1.013387e+00  1.012779e+00  1.012249e+00  1.012012e+00  1.011344e+00  1.010930e+00  1.010580e+00  1.010269e+00  1.009826e+00  1.009711e+00  1.009173e+00  1.009173e+00  1.008776e+00  1.008599e+00  1.008269e+00  1.007888e+00  1.007873e+00  1.007660e+00  1.007647e+00  1.007180e+00  1.007090e+00  1.006918e+00  1.006779e+00  1.006585e+00  1.006480e+00  1.006245e+00  1.006236e+00  1.006024e+00  1.005905e+00  1.005848e+00  1.005717e+00  1.005559e+00  1.005443e+00  1.005241e+00  1.005221e+00  1.005095e+00  1.005000e+00  1.005000e+00  1.005000e+00 
 1.015000e+00  1.013886e+00  1.013368e+00  1.012644e+00  1.012114e+00  1.011859e+00  1.011047e+00  1.010966e+00  1.010442e+00  1.010457e+00  1.010128e+00  1.009594e+00  1.009284e+00  1.008855e+00  1.008807e+00  1.008626e+00  1.008309e+00  1.007987e+00  1.007818e+00  1.007713e+00  1.007450e+00  1.007343e+00  1.007121e+00  1.006957e+00  1.006763e+00  1.006577e+00  1.006457e+00  1.006334e+00  1.006159e+00  1.006012e+00  1.005949e+00  1.005805e+00  1.005754e+00  1.005553e+00  1.005384e+00  1.005265e+00  1.005365e+00  1.005241e+00  1.005136e+00  1.005000e+00  1.005000e+00 
 1.015000e+00  1.014249e+00  1.013480e+00  1.013051e+00  1.012217e+00  1.011961e+00  1.011604e+00  1.011074e+00  1.010542e+00  1.010220e+00  1.009875e+00  1.009751e+00  1.009352e+00  1.008882e+00  1.008744e+00  1.008451e+00  1.008212e+00  1.008162e+00  1.007846e+00  1.007549e+00  1.007447e+00  1.007180e+00  1.006934e+00  1.006834e+00  1.006721e+00  1.006589e+00  1.006455e+00  1.006168e+00  1.006204e+00  1.006051e+00  1.005828e+00  1.005782e+00  1.005672e+00  1.005426e+00  1.005308e+00  1.005271e+00  1.005243e+00  1.005097e+00  1.005000e+00  1.005000e+00  1.005000e+00 
 1.015000e+00  1.013977e+00  1.013227e+00  1.012724e+00  1.012273e+00  1.011668e+00  1.011320e+00  1.010817e+00  1.010234e+00  1.009975e+00  1.009663e+00  1.009567e+00  1.008963e+00  1.008860e+00  1.008546e+00  1.008391e+00  1.007984e+00  1.007875e+00  1.007685e+00  1.007495e+00  1.007226e+00  1.007122e+00  1.006810e+00  1.006664e+00  1.006596e+00  1.006414e+00  1.006337e+00  1.006040e+00  1.006036e+00  1.005935e+00  1.005760e+00  1.005746e+00  1.005397e+00  1.005467e+00  1.005247e+00  1.005115e+00  1.005180e+00  1.005023e+00  1.005000e+00  1.005000e+00  1.005000e+00 
 1.015000e+00  1.014110e+00  1.013358e+00  1.013104e+00  1.012536e+00  1.011969e+00  1.011487e+00  1.010773e+00  1.010584e+00  1.010253e+00  1.009955e+00  1.009566e+00  1.009181e+00  1.009104e+00  1.008947e+00  1.008561e+00  1.008306e+00  1.007956e+00  1.007842e+00  1.007603e+00  1.007400e+00  1.007282e+00  1.006997e+00  1.006789e+00  1.006697e+00  1.006470e+00  1.006365e+00  1.006263e+00  1.006102e+00  1.005861e+00  1.005926e+00  1.005826e+00  1.005625e+00  1.005558e+00  1.005484e+00  1.005220e+00  1.005202e+00  1.005133e+00  1.005033e+00  1.005000e+00  1.005000e+00 
 1.015000e+00  1.014110e+00  1.013412e+00  1.012836e+00  1.012273e+00  1.011899e+00  1.011406e+00  1.010949e+00  1.010389e+00  1.010114e+00  1.009900e+00  1.009361e+00  1.008996e+00  1.008914e+00  1.008579e+00  1.008379e+00  1.008020e+00  1.007812e+00  1.007782e+00  1.007408e+00  1.007316e+00  1.006983e+00  1.006889e+00  1.006708e+00  1.006559e+00  1.006369e+00  1.006168e+00  1.006171e+00  1.005898e+00  1.005781e+00  1.005638e+00  1.005627e+00  1.005439e+00  1.005401e+00  1.005374e+00  1.005277e+00  1.005189e+00  1.005085e+00  1.005000e+00  1.005000e+00  1.005000e+00 
 1.015000e+00  1.014196e+00  1.013972e+00  1.013284e+00  1.012815e+00  1.012307e+00  1.011676e+00  1.011402e+00  1.010995e+00  1.010600e+00  1.010192e+00  1.009826e+00  1.009472e+00  1.009251e+00  1.009165e+00  1.008702e+00  1.008514e+00  1.008272e+00  1.007850e+00  1.007709e+00  1.007387e+00  1.007238e+00  1.007207e+00  1.007070e+00  1.006879e+00  1.006634e+00  1.006367e+00  1.006195e+00  1.006138e+00  1.006070e+00  1.005904e+00  1.005681e+00  1.005500e+00  1.005432e+00  1.005464e+00  1.005290e+00  1.005118e+00  1.005148e+00  1.005000e+00  1.005000e+00  1.005000e+00 
 1.015000e+00  1.014458e+00  1.013693e+00  1.013115e+00  1.012609e+00  1.012135e+00  1.011920e+00  1.011146e+00  1.010707e+00  1.010595e+00  1.010083e+00  1.009935e+00  1.009355e+00  1.009141e+00  1.008922e+00  1.008587e+00  1.008326e+00  1.007967e+00  1.007947e+00  1.007552e+00  1.007417e+00  1.007230e+00  1.007117e+00  1.006852e+00  1.006778e+00  1.006623e+00  1.006560e+00  1.006286e+00  1.006179e+00  1.006038e+00  1.005955e+00  1.005894e+00  1.005638e+00  1.005690e+00  1.005467e+00  1.005378e+00  1.005257e+00  1.005113e+00  1.005000e+00  1.005049e+00  1.005000e+00 
 1.015000e+00  1.014091e+00  1.013540e+00  1.013079e+00  1.012817e+00  1.012096e+00  1.011388e+00  1.011123e+00  1.010722e+00  1.010486e+00  1.010210e+00  1.009725e+00  1.009391e+00  1.009189e+00  1.009052e+00  1.008446e+00  1.008144e+00  1.007986e+00  1.007858e+00  1.007555e+00  1.007445e+00  1.007412e+00  1.007083e+00  1.006881e+00  1.006865e+00  1.006622e+00  1.006395e+00  1.006287e+00  1.006210e+00  1.005949e+00  1.005744e+00  1.005753e+00  1.005620e+00  1.005492e+00  1.005295e+00  1.005319e+00  1.005193e+00  1.005092e+00  1.005042e+00  1.005000e+00  1.005000e+00 
 1.015000e+00  1.013899e+00  1.013700e+00  1.012801e+00  1.012363e+00  1.012119e+00  1.011602e+00  1.010986e+00  1.010572e+00  1.010208e+00  1.009796e+00  1.009398e+00  1.009040e+00  1.008775e+00  1.008515e+00  1.008293e+00  1.008011e+00  1.008003e+00  1.007698e+00  1.007353e+00  1.007317e+00  1.007007e+00  1.006853e+00  1.006691e+00  1.006624e+00  1.006396e+00  1.006258e+00  1.006060e+00  1.005992e+00  1.005783e+00  1.005663e+00  1.005628e+00  1.005418e+00  1.005382e+00  1.005265e+00  1.005239e+00  1.005132e+00  1.005031e+00  1.005000e+00  1.005000e+00  1.005000e+00 
 1.015000e+00  1.014429e+00  1.013704e+00  1.013284e+00  1.012931e+00  1.012323e+00  1.011718e+00  1.011099e+00  1.010960e+00  1.010371e+00  1.009903e+00  1.009851e+00  1.009501e+00  1.009067e+00  1.008918e+00  1.008563e+00  1.008385e+00  1.008115e+00  1.007749e+00  1.007776e+00  1.007528e+00  1.007249e+00  1.007016e+00  1.006937e+00  1.006795e+00  1.006663e+00  1.006469e+00  1.006211e+00  1.006179e+00  1.005997e+00  1.005821e+00  1.005795e+00  1.005522e+00  1.005433e+00  1.005460e+00  1.005288e+00  1.005111e+00  1.005084e+00  1.005053e+00  1.005000e+00  1.005000e+00 
 1.015000e+00  1.014605e+00  1.013920e+00  1.013396e+00  1.012948e+00  1.012251e+00  1.011574e+00  1.011309e+00  1.010927e+00  1.010446e+00  1.009899e+00  1.009765e+00  1.009414e+00  1.009194e+00  1.008918e+00  1.008543e+00  1.008360e+00  1.008391e+00  1.007971e+00  1.007695e+00  1.007507e+00  1.007329e+00  1.007147e+00  1.006829e+00  1.006721e+00  1.006596e+00  1.006460e+00  1.006346e+00  1.006123e+00  1.006140e+00  1.005840e+00  1.005824e+00  1.005698e+00  1.005626e+00  1.005384e+00  1.005271e+00  1.005265e+00  1.005102e+00  1.005000e+00  1.005000e+00  1.005000e+00 
 1.015000e+00  1.013770e+00  1.013381e+00  1.012849e+00  1.012409e+00  1.012188e+00  1.011153e+00  1.011118e+00  1.010589e+00  1.010399e+00  1.009749e+00  1.009420e+00  1.009311e+00  1.008977e+00  1.008945e+00  1.008562e+00  1.008127e+00  1.007927e+00  1.007865e+00  1.007600e+00  1.007461e+00  1.007024e+00  1.007082e+00  1.006854e+00  1.006746e+00  1.006586e+00  1.006481e+00  1.006231e+00  1.006122e+00  1.005902e+00  1.005872e+00  1.005743e+00  1.005572e+00  1.005467e+00  1.005390e+00  1.005144e+00  1.005221e+00  1.005052e+00  1.005072e+00  1.005000e+00  1.005000e+00 

lfit_ens:
 1.148055e-07  5.052046e+02  1.008724e+03  1.513382e+03  2.016729e+03  2.519777e+03  3.020998e+03  3.525837e+03  4.029352e+03  4.533087e+03  5.035299e+03  5.539488e+03  6.041664e+03  6.545839e+03  7.048337e+03  7.550282e+03  8.052284e+03  8.553956e+03  9.058456e+03  9.562282e+03  1.006309e+04  1.056538e+04  1.106478e+04  1.156667e+04  1.206905e+04  1.257038e+04  1.307146e+04  1.357387e+04  1.407240e+04  1.457245e+04  1.507546e+04  1.557548e+04  1.607724e+04  1.657743e+04  1.707784e+04  1.757842e+04  1.807867e+04  1.857804e+04  1.907777e+04  1.957654e+04  2.007744e+04 
 1.148055e-07  5.048854e+02  1.010059e+03  1.514615e+03  2.019215e+03  2.523810e+03  3.028579e+03  3.532829e+03  4.035886e+03  4.539529e+03  5.042358e+03  5.545619e+03  6.048669e+03  6.552118e+03  7.054942e+03  7.556614e+03  8.054799e+03  8.557065e+03  9.058035e+03  9.560359e+03  1.006063e+04  1.056239e+04  1.106387e+04  1.156453e+04  1.206612e+04  1.256780e+04  1.306754e+04  1.356895e+04  1.406944e+04  1.457071e+04  1.507337e+04  1.557439e+04  1.607544e+04  1.657519e+04  1.707538e+04  1.757654e+04  1.807569e+04  1.857589e+04  1.907803e+04  1.957843e+04  2.007839e+04 
 1.148055e-07  5.045700e+02  1.010702e+03  1.516552e+03  2.023348e+03  2.529170e+03  3.031409e+03  3.534641e+03  4.036218e+03  4.541681e+03  5.042595e+03  5.546067e+03  6.047665e+03  6.551178e+03  7.052668e+03  7.554173e+03  8.058122e+03  8.558383e+03  9.061259e+03  9.561565e+03  1.006307e+04  1.056406e+04  1.106710e+04  1.156753e+04  1.206895e+04  1.256900e+04  1.306883e+04  1.356967e+04  1.406987e+04  1.457050e+04  1.507188e+04  1.557045e+04  1.607139e+04  1.657157e+04  1.707099e+04  1.757128e+04  1.806961e+04  1.856847e+04  1.907044e+04  1.957169e+04  2.007312e+04 
 1.148055e-07  5.053411e+02  1.009840e+03  1.513743e+03  2.018204e+03  2.520992e+03  3.026067e+03  3.530748e+03  4.034823e+03  4.537050e+03  5.041057e+03  5.543776e+03  6.047333e+03  6.548654e+03  7.051302e+03  7.553803e+03  8.056504e+03  8.557413e+03  9.059046e+03  9.561715e+03  1.006116e+04  1.056171e+04  1.106252e+04  1.156408e+04  1.206640e+04  1.256886e+04  1.307006e+04  1.357122e+04  1.407199e+04  1.457265e+04  1.507187e+04  1.557266e+04  1.607337e+04  1.657507e+04  1.707664e+04  1.757746e+04  1.807717e+04  1.857866e+04  1.907859e+04  1.957776e+04  2.008104e+04 
 1.148055e-07  5.056837e+02  1.010033e+03  1.513773e+03  2.017769e+03  2.522943e+03  3.026502e+03  3.529653e+03  4.032778e+03  4.535773e+03  5.039235e+03  5.544427e+03  6.047654e+03  6.549341e+03  7.050674e+03  7.552460e+03  8.053788e+03  8.556927e+03  9.058424e+03  9.561823e+03  1.006498e+04  1.056604e+04  1.106749e+04  1.156763e+04  1.206998e+04  1.256961e+04  1.307175e+04  1.357221e+04  1.407404e+04  1.457453e+04  1.507407e+04  1.557494e+04  1.607471e+04  1.657665e+04  1.707648e+04  1.757621e+04  1.807706e+04  1.857598e+04  1.907962e+04  1.958073e+04  2.008240e+04 
 1.148055e-07  5.036777e+02  1.007821e+03  1.511896e+03  2.015798e+03  2.518765e+03  3.021443e+03  3.524570e+03  4.027535e+03  4.530750e+03  5.033735e+03  5.536246e+03  6.036507e+03  6.540808e+03  7.043436e+03  7.545619e+03  8.048151e+03  8.550815e+03  9.054943e+03  9.556715e+03  1.006121e+04  1.056284e+04  1.106373e+04  1.156445e+04  1.206706e+04  1.256993e+04  1.307046e+04  1.356988e+04  1.407206e+04  1.457427e+04  1.507454e+04  1.557464e+04  1.607523e+04  1.657443e+04  1.707402e+04  1.757478e+04  1.807430e+04  1.857519e+04  1.907755e+04  1.957731e+04  2.007757e+04 
 1.148055e-07  5.059700e+02  1.009878e+03  1.514930e+03  2.017863e+03  2.522045e+03  3.028263e+03  3.530548e+03  4.035057e+03  4.538040e+03  5.042007e+03  5.543244e+03  6.046093e+03  6.548587e+03  7.050303e+03  7.551953e+03  8.055170e+03  8.556279e+03  9.057551e+03  9.559843e+03  1.005992e+04  1.056165e+04  1.106299e+04  1.156554e+04  1.206570e+04  1.256771e+04  1.306856e+04  1.356979e+04  1.407082e+04  1.457092e+04  1.507253e+04  1.557273e+04  1.607331e+04  1.657521e+04  1.707509e+04  1.757522e+04  1.807479e+04  1.857622e+04  1.907701e+04  1.957772e+04  2.007906e+04 
 1.148055e-07  5.064999e+02  1.010913e+03  1.512561e+03  2.015377e+03  2.522330e+03  3.026438e+03  3.530171e+03  4.033499e+03  4.536443e+03  5.039707e+03  5.542944e+03  6.046050e+03  6.550919e+03  7.052502e+03  7.554461e+03  8.058161e+03  8.560456e+03  9.063241e+03  9.567027e+03  1.006786e+04  1.057083e+04  1.107421e+04  1.157580e+04  1.207862e+04  1.257716e+04  1.307827e+04  1.357961e+04  1.408073e+04  1.458323e+04  1.508276e+04  1.558261e+04  1.608264e+04  1.658363e+04  1.708325e+04  1.758407e+04  1.808452e+04  1.858244e+04  1.908428e+04  1.958640e+04  2.008899e+04 
 1.148055e-07  5.060612e+02  1.012339e+03  1.515154e+03  2.021416e+03  2.527368e+03  3.030559e+03  3.535993e+03  4.039888e+03  4.543898e+03  5.045890e+03  5.549390e+03  6.052325e+03  6.554464e+03  7.057337e+03  7.559402e+03  8.060702e+03  8.564090e+03  9.066946e+03  9.567274e+03  1.007003e+04  1.057363e+04  1.107614e+04  1.157683e+04  1.207792e+04  1.258127e+04  1.308207e+04  1.358286e+04  1.408333e+04  1.458468e+04  1.508598e+04  1.558622e+04  1.608539e+04  1.658421e+04  1.708418e+04  1.758382e+04  1.808482e+04  1.858340e+04  1.908285e+04  1.958438e+04  2.008372e+04 
 1.148055e-07  5.039186e+02  1.007879e+03  1.511817e+03  2.017300e+03  2.522565e+03  3.027269e+03  3.528852e+03  4.031916e+03  4.533939e+03  5.036182e+03  5.537529e+03  6.039989e+03  6.541703e+03  7.043091e+03  7.545698e+03  8.044911e+03  8.546636e+03  9.048622e+03  9.550881e+03  1.005165e+04  1.055452e+04  1.105578e+04  1.155690e+04  1.205956e+04  1.256046e+04  1.306079e+04  1.356101e+04  1.405990e+04  1.456091e+04  1.506188e+04  1.556273e+04  1.606427e+04  1.656722e+04  1.706680e+04  1.756709e+04  1.806848e+04  1.856967e+04  1.906688e+04  1.956579e+04  2.006804e+04 
 1.148055e-07  5.055361e+02  1.008688e+03  1.513737e+03  2.017820e+03  2.520759e+03  3.024843e+03  3.528887e+03  4.032011e+03  4.534939e+03  5.034338e+03  5.536902e+03  6.040657e+03  6.542596e+03  7.044661e+03  7.546077e+03  8.048280e+03  8.549538e+03  9.051650e+03  9.553535e+03  1.005631e+04  1.055860e+04  1.105922e+04  1.156228e+04  1.206303e+04  1.256415e+04  1.306375e+04  1.356533e+04  1.406606e+04  1.456686e+04  1.506928e+04  1.556916e+04  1.606804e+04  1.657023e+04  1.706964e+04  1.757033e+04  1.807092e+04  1.857151e+04  1.907241e+04  1.957345e+04  2.007211e+04 
 1.148055e-07  5.069441e+02  1.013720e+03  1.517896e+03  2.022205e+03  2.525778e+03  3.029964e+03  3.533779e+03  4.038053e+03  4.541263e+03  5.045291e+03  5.548023e+03  6.050979e+03  6.552900e+03  7.055498e+03  7.556998e+03  8.060216e+03  8.562214e+03  9.062857e+03  9.564311e+03  1.006434e+04  1.056397e+04  1.106503e+04  1.156702e+04  1.206626e+04  1.256891e+04  1.307034e+04  1.357222e+04  1.407261e+04  1.457466e+04  1.507616e+04  1.557514e+04  1.607600e+04  1.657537e+04  1.707438e+04  1.757658e+04  1.807544e+04  1.857681e+04  1.907576e+04  1.957770e+04  2.007714e+04 
 1.148055e-07  5.040839e+02  1.008952e+03  1.512708e+03  2.016510e+03  2.520501e+03  3.024765e+03  3.527023e+03  4.029066e+03  4.532348e+03  5.035029e+03  5.538750e+03  6.041431e+03  6.542913e+03  7.045178e+03  7.547958e+03  8.050809e+03  8.551912e+03  9.051912e+03  9.554590e+03  1.005689e+04  1.055882e+04  1.105982e+04  1.156230e+04  1.206333e+04  1.256367e+04  1.306285e+04  1.356329e+04  1.406402e+04  1.456609e+04  1.506593e+04  1.556491e+04  1.606586e+04  1.656644e+04  1.706714e+04  1.756691e+04  1.806844e+04  1.857066e+04  1.906926e+04  1.956934e+04  2.006854e+04 
 1.148055e-07  5.043718e+02  1.008361e+03  1.513696e+03  2.017459e+03  2.522365e+03  3.026010e+03  3.528715e+03  4.029918e+03  4.534244e+03  5.036632e+03  5.540749e+03  6.043924e+03  6.545733e+03  7.050050e+03  7.552639e+03  8.055198e+03  8.555388e+03  9.055899e+03  9.558045e+03  1.006111e+04  1.056213e+04  1.106289e+04  1.156390e+04  1.206711e+04  1.256921e+04  1.306983e+04  1.357103e+04  1.407046e+04  1.457106e+04  1.507100e+04  1.557254e+04  1.607184e+04  1.657021e+04  1.706991e+04  1.757134e+04  1.807110e+04  1.857112e+04  1.907028e+04  1.957070e+04  2.007161e+04 
 1.148055e-07  5.042339e+02  1.009791e+03  1.513535e+03  2.018778e+03  2.521337e+03  3.025636e+03  3.528845e+03  4.032524e+03  4.535382e+03  5.038970e+03  5.541631e+03  6.042548e+03  6.547238e+03  7.048659e+03  7.550272e+03  8.053602e+03  8.555727e+03  9.058177e+03  9.557122e+03  1.006085e+04  1.056052e+04  1.106167e+04  1.156253e+04  1.206300e+04  1.256341e+04  1.306527e+04  1.356461e+04  1.406675e+04  1.456789e+04  1.506809e+04  1.556712e+04  1.606727e+04  1.656906e+04  1.707066e+04  1.757246e+04  1.807200e+04  1.857243e+04  1.907333e+04  1.957485e+04  2.007471e+04 
 1.148055e-07  5.054886e+02  1.009484e+03  1.514166e+03  2.018118e+03  2.521143e+03  3.024747e+03  3.526909e+03  4.030687e+03  4.532995e+03  5.035470e+03  5.537357e+03  6.039431e+03  6.543128e+03  7.044361e+03  7.545398e+03  8.047768e+03  8.550664e+03  9.052075e+03  9.552082e+03  1.005120e+04  1.055241e+04  1.105276e+04  1.155431e+04  1.205677e+04  1.255846e+04  1.305955e+04  1.356022e+04  1.406076e+04  1.456211e+04  1.506212e+04  1.556298e+04  1.606484e+04  1.656580e+04  1.706668e+04  1.756803e+04  1.806832e+04  1.856983e+04  1.906978e+04  1.956951e+04  2.006938e+04 
 1.148055e-07  5.052836e+02  1.010452e+03  1.513871e+03  2.018008e+03  2.523929e+03  3.028717e+03  3.532104e+03  4.034889e+03  4.539558e+03  5.043247e+03  5.545846e+03  6.050582e+03  6.553964e+03  7.056851e+03  7.558464e+03  8.060844e+03  8.561774e+03  9.062289e+03  9.565451e+03  1.006771e+04  1.057068e+04  1.107231e+04  1.157162e+04  1.207167e+04  1.257395e+04  1.307337e+04  1.357369e+04  1.407347e+04  1.457375e+04  1.507520e+04  1.557482e+04  1.607698e+04  1.657682e+04  1.707753e+04  1.757913e+04  1.807817e+04  1.857968e+04  1.908029e+04  1.958133e+04  2.008374e+04 
 1.148055e-07  5.071364e+02  1.012573e+03  1.517872e+03  2.023180e+03  2.530300e+03  3.034096e+03  3.537790e+03  4.042299e+03  4.547622e+03  5.050134e+03  5.553779e+03  6.057545e+03  6.559828e+03  7.060850e+03  7.562321e+03  8.064838e+03  8.567130e+03  9.069112e+03  9.569031e+03  1.007288e+04  1.057425e+04  1.107522e+04  1.157685e+04  1.207739e+04  1.257684e+04  1.307845e+04  1.358050e+04  1.408206e+04  1.458263e+04  1.508189e+04  1.558398e+04  1.608551e+04  1.658650e+04  1.708821e+04  1.758843e+04  1.808963e+04  1.858949e+04  1.908919e+04  1.958949e+04  2.009064e+04 
 1.148055e-07  5.056027e+02  1.010170e+03  1.513974e+03  2.019433e+03  2.523700e+03  3.028303e+03  3.532820e+03  4.036374e+03  4.540727e+03  5.044670e+03  5.547698e+03  6.051393e+03  6.554496e+03  7.055733e+03  7.557406e+03  8.057806e+03  8.558959e+03  9.061351e+03  9.562865e+03  1.006497e+04  1.056795e+04  1.106841e+04  1.156802e+04  1.207028e+04  1.257357e+04  1.307503e+04  1.357680e+04  1.408003e+04  1.458122e+04  1.508186e+04  1.558254e+04  1.608324e+04  1.658465e+04  1.708601e+04  1.758786e+04  1.808931e+04  1.858933e+04  1.908816e+04  1.958947e+04  2.009033e+04 
 1.148055e-07  5.059707e+02  1.010440e+03  1.515264e+03  2.021245e+03  2.525494e+03  3.028763e+03  3.533143e+03  4.035855e+03  4.541515e+03  5.045274e+03  5.549900e+03  6.053779e+03  6.555107e+03  7.056861e+03  7.558920e+03  8.061711e+03  8.565605e+03  9.066020e+03  9.566527e+03  1.006899e+04  1.057124e+04  1.107254e+04  1.157530e+04  1.207709e+04  1.257833e+04  1.307958e+04  1.357967e+04  1.408019e+04  1.458148e+04  1.508272e+04  1.558454e+04  1.608520e+04  1.658603e+04  1.708740e+04  1.758834e+04  1.808896e+04  1.858829e+04  1.908905e+04  1.959113e+04  2.009086e+04 
 1.148055e-07  5.043030e+02  1.008681e+03  1.512361e+03  2.014786e+03  2.520947e+03  3.024424e+03  3.525863e+03  4.030096e+03  4.532588e+03  5.035309e+03  5.537214e+03  6.040264e+03  6.542420e+03  7.045028e+03  7.547019e+03  8.048542e+03  8.550358e+03  9.051448e+03  9.552571e+03  1.005221e+04  1.055359e+04  1.105260e+04  1.155275e+04  1.205328e+04  1.255536e+04  1.305627e+04  1.355667e+04  1.405776e+04  1.455688e+04  1.505732e+04  1.555845e+04  1.605877e+04  1.656168e+04  1.706299e+04  1.756193e+04  1.806176e+04  1.856483e+04  1.906410e+04  1.956241e+04  2.006107e+04 
 1.148055e-07  5.065071e+02  1.011679e+03  1.516885e+03  2.022608e+03  2.525560e+03  3.027429e+03  3.530238e+03  4.033842e+03  4.537397e+03  5.041648e+03  5.545721e+03  6.046522e+03  6.548101e+03  7.050208e+03  7.553083e+03  8.057028e+03  8.557423e+03  9.060320e+03  9.562379e+03  1.006468e+04  1.056427e+04  1.106460e+04  1.156361e+04  1.206385e+04  1.256370e+04  1.306134e+04  1.356202e+04  1.406161e+04  1.456231e+04  1.506436e+04  1.556379e+04  1.606263e+04  1.656324e+04  1.706428e+04  1.756503e+04  1.806603e+04  1.856567e+04  1.906486e+04  1.956408e+04  2.006298e+04 
 1.148055e-07  5.045606e+02  1.009010e+03  1.512373e+03  2.016610e+03  2.520290e+03  3.023737e+03  3.528015e+03  4.032649e+03  4.536261e+03  5.039405e+03  5.543070e+03  6.047453e+03  6.549270e+03  7.052713e+03  7.555225e+03  8.057040e+03  8.559956e+03  9.062878e+03  9.564478e+03  1.006594e+04  1.056798e+04  1.106972e+04  1.156987e+04  1.206899e+04  1.256981e+04  1.307066e+04  1.357285e+04  1.407344e+04  1.457388e+04  1.507425e+04  1.557507e+04  1.607747e+04  1.657937e+04  1.708021e+04  1.757894e+04  1.807674e+04  1.857801e+04  1.907562e+04  1.957686e+04  2.007497e+04 
 1.148055e-07  5.040768e+02  1.008414e+03  1.513655e+03  2.017613e+03  2.521739e+03  3.026020e+03  3.529548e+03  4.032505e+03  4.536748e+03  5.037927e+03  5.541100e+03  6.044119e+03  6.547870e+03  7.047792e+03  7.549000e+03  8.051773e+03  8.556600e+03  9.057319e+03  9.559226e+03  1.005851e+04  1.055932e+04  1.106193e+04  1.156331e+04  1.206367e+04  1.256575e+04  1.306708e+04  1.356630e+04  1.406780e+04  1.456669e+04  1.506848e+04  1.556961e+04  1.606953e+04  1.657099e+04  1.707059e+04  1.757291e+04  1.807236e+04  1.857180e+04  1.907395e+04  1.957538e+04  2.007467e+04 
 1.148055e-07  5.081596e+02  1.013809e+03  1.518206e+03  2.021692e+03  2.526013e+03  3.029820e+03  3.532433e+03  4.036796e+03  4.540071e+03  5.042610e+03  5.544730e+03  6.049075e+03  6.553293e+03  7.058778e+03  7.560457e+03  8.062712e+03  8.565050e+03  9.067198e+03  9.569565e+03  1.007278e+04  1.057282e+04  1.107503e+04  1.157633e+04  1.207893e+04  1.258033e+04  1.308261e+04  1.358331e+04  1.408655e+04  1.458731e+04  1.509019e+04  1.559142e+04  1.609106e+04  1.659071e+04  1.709127e+04  1.759288e+04  1.809482e+04  1.859320e+04  1.909375e+04  1.959520e+04  2.009325e+04 
 1.148055e-07  5.045871e+02  1.011370e+03  1.516678e+03  2.019020e+03  2.522766e+03  3.027166e+03  3.530456e+03  4.036256e+03  4.538283e+03  5.041265e+03  5.542776e+03  6.047299e+03  6.550780e+03  7.051719e+03  7.554400e+03  8.056586e+03  8.561676e+03  9.066063e+03  9.567007e+03  1.006761e+04  1.056946e+04  1.107161e+04  1.157113e+04  1.207219e+04  1.257250e+04  1.307496e+04  1.357588e+04  1.407806e+04  1.457980e+04  1.508066e+04  1.558099e+04  1.608193e+04  1.658121e+04  1.708080e+04  1.758081e+04  1.808247e+04  1.858443e+04  1.908599e+04  1.958567e+04  2.008647e+04 
 1.148055e-07  5.076999e+02  1.013397e+03  1.517345e+03  2.022080e+03  2.526141e+03  3.026138e+03  3.531309e+03  4.032589e+03  4.534666e+03  5.035875e+03  5.536837e+03  6.037457e+03  6.539302e+03  7.043204e+03  7.546219e+03  8.048542e+03  8.551527e+03  9.051198e+03  9.550083e+03  1.005155e+04  1.055147e+04  1.105436e+04  1.155562e+04  1.205779e+04  1.255805e+04  1.305933e+04  1.356046e+04  1.406223e+04  1.456264e+04  1.506430e+04  1.556480e+04  1.606722e+04  1.656753e+04  1.706689e+04  1.756734e+04  1.806824e+04  1.856940e+04  1.906978e+04  1.957050e+04  2.007060e+04 
 1.148055e-07  5.050312e+02  1.006732e+03  1.510721e+03  2.015313e+03  2.519591e+03  3.020700e+03  3.521346e+03  4.022807e+03  4.526668e+03  5.028092e+03  5.531608e+03  6.032299e+03  6.533472e+03  7.035964e+03  7.538737e+03  8.039435e+03  8.541342e+03  9.041875e+03  9.544360e+03  1.004726e+04  1.054970e+04  1.105073e+04  1.155276e+04  1.205371e+04  1.255380e+04  1.305517e+04  1.355833e+04  1.405972e+04  1.455927e+04  1.505920e+04  1.556103e+04  1.605989e+04  1.655981e+04  1.705966e+04  1.755901e+04  1.805981e+04  1.856025e+04  1.905928e+04  1.956154e+04  2.006029e+04 
 1.148055e-07  5.064261e+02  1.009591e+03  1.515261e+03  2.018704e+03  2.521181e+03  3.023923e+03  3.528142e+03  4.029912e+03  4.532834e+03  5.035710e+03  5.538875e+03  6.040449e+03  6.542504e+03  7.044284e+03  7.545089e+03  8.048091e+03  8.548955e+03  9.050337e+03  9.553029e+03  1.005423e+04  1.055677e+04  1.105865e+04  1.156060e+04  1.206279e+04  1.256384e+04  1.306480e+04  1.356604e+04  1.406638e+04  1.456745e+04  1.506926e+04  1.557202e+04  1.607254e+04  1.657445e+04  1.707579e+04  1.757666e+04  1.807771e+04  1.857907e+04  1.907696e+04  1.957802e+04  2.007779e+04 
 1.148055e-07  5.055646e+02  1.010364e+03  1.513153e+03  2.018458e+03  2.522735e+03  3.025634e+03  3.526107e+03  4.029270e+03  4.532691e+03  5.035829e+03  5.536666e+03  6.038359e+03  6.542080e+03  7.042293e+03  7.544726e+03  8.045859e+03  8.547531e+03  9.049287e+03  9.549674e+03  1.005006e+04  1.055180e+04  1.105369e+04  1.155541e+04  1.205701e+04  1.255729e+04  1.305713e+04  1.355841e+04  1.406246e+04  1.456342e+04  1.506429e+04  1.556707e+04  1.606796e+04  1.656914e+04  1.706852e+04  1.756819e+04  1.806695e+04  1.856665e+04  1.906589e+04  1.956563e+04  2.006422e+04 
 1.148055e-07  5.066939e+02  1.011459e+03  1.514370e+03  2.016229e+03  2.522120e+03  3.025484e+03  3.528847e+03  4.030561e+03  4.533151e+03  5.035905e+03  5.537246e+03  6.040067e+03  6.542643e+03  7.043084e+03  7.547616e+03  8.048490e+03  8.549143e+03  9.050661e+03  9.554672e+03  1.005651e+04  1.055894e+04  1.105995e+04  1.156162e+04  1.206049e+04  1.256218e+04  1.306192e+04  1.356079e+04  1.406067e+04  1.456145e+04  1.506020e+04  1.556170e+04  1.606240e+04  1.656373e+04  1.706440e+04  1.756471e+04  1.806281e+04  1.856176e+04  1.906257e+04  1.956123e+04  2.006028e+04 
 1.148055e-07  5.057548e+02  1.010170e+03  1.517054e+03  2.021995e+03  2.523228e+03  3.027059e+03  3.529858e+03  4.032066e+03  4.535561e+03  5.037971e+03  5.538576e+03  6.042800e+03  6.543747e+03  7.044861e+03  7.548026e+03  8.048056e+03  8.551058e+03  9.053091e+03  9.555661e+03  1.005658e+04  1.055854e+04  1.106056e+04  1.156022e+04  1.206196e+04  1.256362e+04  1.306348e+04  1.356591e+04  1.406810e+04  1.456937e+04  1.507135e+04  1.557035e+04  1.607160e+04  1.657392e+04  1.707319e+04  1.757427e+04  1.807534e+04  1.857603e+04  1.907627e+04  1.957786e+04  2.007903e+04 
 1.148055e-07  5.053936e+02  1.009783e+03  1.513241e+03  2.017531e+03  2.523721e+03  3.027221e+03  3.528378e+03  4.031229e+03  4.536010e+03  5.037953e+03  5.540067e+03  6.042647e+03  6.546154e+03  7.047501e+03  7.551941e+03  8.056233e+03  8.558160e+03  9.058637e+03  9.560597e+03  1.006285e+04  1.056194e+04  1.106350e+04  1.156363e+04  1.206378e+04  1.256564e+04  1.306488e+04  1.356592e+04  1.406699e+04  1.456708e+04  1.506849e+04  1.556901e+04  1.606934e+04  1.656903e+04  1.706928e+04  1.756929e+04  1.806903e+04  1.857081e+04  1.907065e+04  1.956902e+04  2.006858e+04 
 1.148055e-07  5.072655e+02  1.012493e+03  1.516344e+03  2.019552e+03  2.522592e+03  3.026419e+03  3.529126e+03  4.031705e+03  4.535325e+03  5.039336e+03  5.543076e+03  6.045497e+03  6.548738e+03  7.050117e+03  7.551727e+03  8.053534e+03  8.556571e+03  9.058549e+03  9.561005e+03  1.006271e+04  1.056534e+04  1.106720e+04  1.156773e+04  1.206862e+04  1.256774e+04  1.306814e+04  1.356929e+04  1.406994e+04  1.457088e+04  1.507231e+04  1.557448e+04  1.607529e+04  1.657484e+04  1.707514e+04  1.757529e+04  1.807438e+04  1.857315e+04  1.907227e+04  1.957241e+04  2.007220e+04 
 1.148055e-07  5.046193e+02  1.008538e+03  1.511416e+03  2.014139e+03  2.519707e+03  3.022548e+03  3.526210e+03  4.029682e+03  4.531794e+03  5.034442e+03  5.536503e+03  6.037518e+03  6.540436e+03  7.044184e+03  7.544455e+03  8.047576e+03  8.550399e+03  9.051916e+03  9.554414e+03  1.005689e+04  1.055946e+04  1.106022e+04  1.156223e+04  1.206452e+04  1.256342e+04  1.306370e+04  1.356391e+04  1.406465e+04  1.456442e+04  1.506344e+04  1.556336e+04  1.606412e+04  1.656631e+04  1.706492e+04  1.756645e+04  1.806933e+04  1.857079e+04  1.907162e+04  1.957177e+04  2.007325e+04 
 1.148055e-07  5.056002e+02  1.009693e+03  1.513193e+03  2.017547e+03  2.521024e+03  3.025153e+03  3.527164e+03  4.027808e+03  4.532373e+03  5.036312e+03  5.541376e+03  6.044637e+03  6.548637e+03  7.050225e+03  7.551877e+03  8.052827e+03  8.553897e+03  9.057577e+03  9.560733e+03  1.006129e+04  1.056416e+04  1.106715e+04  1.156665e+04  1.206738e+04  1.256962e+04  1.307072e+04  1.357143e+04  1.407276e+04  1.457206e+04  1.507345e+04  1.557378e+04  1.607505e+04  1.657476e+04  1.707401e+04  1.757399e+04  1.807443e+04  1.857333e+04  1.907382e+04  1.957508e+04  2.007375e+04 
 1.148055e-07  5.053441e+02  1.013165e+03  1.518292e+03  2.023711e+03  2.527140e+03  3.029858e+03  3.533580e+03  4.037507e+03  4.541259e+03  5.042303e+03  5.545089e+03  6.048473e+03  6.550562e+03  7.053498e+03  7.556322e+03  8.058268e+03  8.561458e+03  9.064147e+03  9.565216e+03  1.006643e+04  1.056726e+04  1.106584e+04  1.156791e+04  1.206862e+04  1.257071e+04  1.307274e+04  1.357387e+04  1.407509e+04  1.457542e+04  1.507669e+04  1.557849e+04  1.607862e+04  1.657863e+04  1.707644e+04  1.757805e+04  1.807718e+04  1.857681e+04  1.907807e+04  1.957774e+04  2.007852e+04 
 1.148055e-07  5.062092e+02  1.010812e+03  1.517473e+03  2.022424e+03  2.525557e+03  3.028796e+03  3.529992e+03  4.032906e+03  4.536246e+03  5.038542e+03  5.541465e+03  6.043615e+03  6.545718e+03  7.048842e+03  7.550483e+03  8.051877e+03  8.552830e+03  9.053616e+03  9.556071e+03  1.005455e+04  1.055681e+04  1.105824e+04  1.156010e+04  1.206026e+04  1.256139e+04  1.306240e+04  1.356410e+04  1.406619e+04  1.456744e+04  1.506979e+04  1.557180e+04  1.607289e+04  1.657364e+04  1.707364e+04  1.757250e+04  1.807272e+04  1.857328e+04  1.907398e+04  1.957578e+04  2.007373e+04 
 1.148055e-07  5.045835e+02  1.011074e+03  1.514368e+03  2.019125e+03  2.524586e+03  3.028331e+03  3.531807e+03  4.034004e+03  4.537377e+03  5.041139e+03  5.544904e+03  6.048859e+03  6.552315e+03  7.054746e+03  7.555892e+03  8.058370e+03  8.560199e+03  9.061931e+03  9.564011e+03  1.006510e+04  1.056732e+04  1.106644e+04  1.156835e+04  1.206881e+04  1.257017e+04  1.307112e+04  1.357192e+04  1.407291e+04  1.457443e+04  1.507664e+04  1.557730e+04  1.607762e+04  1.657822e+04  1.707815e+04  1.757785e+04  1.807788e+04  1.857712e+04  1.907765e+04  1.957689e+04  2.007674e+04 
 1.148055e-07  5.043382e+02  1.009442e+03  1.514615e+03  2.019265e+03  2.523497e+03  3.026229e+03  3.531004e+03  4.034879e+03  4.539369e+03  5.041554e+03  5.543313e+03  6.045035e+03  6.549013e+03  7.052611e+03  7.554721e+03  8.058797e+03  8.559820e+03  9.063484e+03  9.565913e+03  1.006913e+04  1.057012e+04  1.107030e+04  1.157136e+04  1.207215e+04  1.257349e+04  1.307235e+04  1.357489e+04  1.407652e+04  1.457702e+04  1.507909e+04  1.558022e+04  1.608146e+04  1.658049e+04  1.708217e+04  1.758182e+04  1.807789e+04  1.857861e+04  1.908003e+04  1.958106e+04  2.008308e+04 
 1.148055e-07  5.063033e+02  1.012579e+03  1.517932e+03  2.021084e+03  2.525272e+03  3.027902e+03  3.530795e+03  4.034663e+03  4.538742e+03  5.042322e+03  5.543598e+03  6.046035e+03  6.548390e+03  7.050390e+03  7.552662e+03  8.053908e+03  8.554785e+03  9.056500e+03  9.557601e+03  1.006008e+04  1.056128e+04  1.106227e+04  1.156240e+04  1.206409e+04  1.256485e+04  1.306446e+04  1.356344e+04  1.406396e+04  1.456303e+04  1.506121e+04  1.556139e+04  1.606321e+04  1.656311e+04  1.706154e+04  1.756066e+04  1.806096e+04  1.856061e+04  1.906201e+04  1.956113e+04  2.006239e+04 
 1.148055e-07  5.040182e+02  1.007141e+03  1.513999e+03  2.018940e+03  2.523008e+03  3.026511e+03  3.529295e+03  4.031466e+03  4.533905e+03  5.034686e+03  5.535974e+03  6.039338e+03  6.540793e+03  7.042948e+03  7.543762e+03  8.044244e+03  8.547116e+03  9.047835e+03  9.548386e+03  1.005163e+04  1.055267e+04  1.105391e+04  1.155540e+04  1.205689e+04  1.255915e+04  1.305976e+04  1.356039e+04  1.406193e+04  1.456302e+04  1.506414e+04  1.556431e+04  1.606322e+04  1.656422e+04  1.706412e+04  1.756596e+04  1.806676e+04  1.856782e+04  1.906703e+04  1.956679e+04  2.006596e+04 
 1.148055e-07  5.050157e+02  1.010570e+03  1.514918e+03  2.021117e+03  2.526299e+03  3.030105e+03  3.534098e+03  4.036033e+03  4.537230e+03  5.040222e+03  5.543581e+03  6.047132e+03  6.549684e+03  7.051257e+03  7.552724e+03  8.054953e+03  8.558524e+03  9.060331e+03  9.562708e+03  1.006340e+04  1.056290e+04  1.106365e+04  1.156459e+04  1.206616e+04  1.256622e+04  1.306765e+04  1.356751e+04  1.406779e+04  1.456759e+04  1.506842e+04  1.557022e+04  1.606949e+04  1.657224e+04  1.707265e+04  1.757303e+04  1.807251e+04  1.857232e+04  1.907084e+04  1.957237e+04  2.007250e+04 
 1.148055e-07  5.023846e+02  1.007897e+03  1.512749e+03  2.017531e+03  2.520070e+03  3.025137e+03  3.529525e+03  4.032004e+03  4.534977e+03  5.038898e+03  5.540622e+03  6.043566e+03  6.545701e+03  7.047674e+03  7.550813e+03  8.052346e+03  8.553470e+03  9.054723e+03  9.558126e+03  1.005818e+04  1.056059e+04  1.106124e+04  1.156274e+04  1.206421e+04  1.256575e+04  1.306666e+04  1.356820e+04  1.406899e+04  1.456826e+04  1.506893e+04  1.556986e+04  1.607007e+04  1.657180e+04  1.707164e+04  1.757198e+04  1.807371e+04  1.857463e+04  1.907172e+04  1.957171e+04  2.007115e+04 
 1.148055e-07  5.066966e+02  1.010715e+03  1.514368e+03  2.020364e+03  2.524655e+03  3.028104e+03  3.532694e+03  4.034898e+03  4.538026e+03  5.040291e+03  5.544320e+03  6.047923e+03  6.553095e+03  7.052303e+03  7.552397e+03  8.054530e+03  8.558107e+03  9.059689e+03  9.561230e+03  1.006181e+04  1.056502e+04  1.106606e+04  1.156700e+04  1.206716e+04  1.256741e+04  1.306817e+04  1.356773e+04  1.406793e+04  1.456939e+04  1.506658e+04  1.556873e+04  1.607027e+04  1.657012e+04  1.707020e+04  1.757030e+04  1.807162e+04  1.857316e+04  1.907317e+04  1.957204e+04  2.007350e+04 
 1.148055e-07  5.054015e+02  1.010712e+03  1.514966e+03  2.018817e+03  2.521935e+03  3.024520e+03  3.528006e+03  4.030923e+03  4.532923e+03  5.035546e+03  5.539863e+03  6.042935e+03  6.544054e+03  7.045348e+03  7.546697e+03  8.048900e+03  8.550602e+03  9.051725e+03  9.552981e+03  1.005406e+04  1.055542e+04  1.105853e+04  1.155933e+04  1.206020e+04  1.255989e+04  1.306195e+04  1.356268e+04  1.406405e+04  1.456426e+04  1.506429e+04  1.556338e+04  1.606265e+04  1.656521e+04  1.706673e+04  1.756656e+04  1.806775e+04  1.856792e+04  1.906624e+04  1.956706e+04  2.006508e+04 
 1.148055e-07  5.066497e+02  1.011349e+03  1.516699e+03  2.021684e+03  2.524906e+03  3.026113e+03  3.529601e+03  4.033373e+03  4.536530e+03  5.039312e+03  5.543227e+03  6.045699e+03  6.546707e+03  7.049467e+03  7.551297e+03  8.053873e+03  8.555130e+03  9.060034e+03  9.560643e+03  1.006199e+04  1.056402e+04  1.106280e+04  1.156361e+04  1.206299e+04  1.256465e+04  1.306555e+04  1.356459e+04  1.406599e+04  1.456798e+04  1.506918e+04  1.556840e+04  1.606990e+04  1.656969e+04  1.707097e+04  1.757229e+04  1.807276e+04  1.857381e+04  1.907288e+04  1.957519e+04  2.007589e+04 
 1.148055e-07  5.062433e+02  1.010987e+03  1.515416e+03  2.021341e+03  2.522820e+03  3.025824e+03  3.529297e+03  4.033164e+03  4.538109e+03  5.041358e+03  5.544630e+03  6.045950e+03  6.547118e+03  7.049733e+03  7.550154e+03  8.050747e+03  8.552378e+03  9.053729e+03  9.555395e+03  1.005920e+04  1.056061e+04  1.105988e+04  1.155798e+04  1.206006e+04  1.256283e+04  1.306579e+04  1.356599e+04  1.406693e+04  1.456806e+04  1.506929e+04  1.556928e+04  1.607002e+04  1.657066e+04  1.706986e+04  1.757038e+04  1.807171e+04  1.857213e+04  1.907357e+04  1.957187e+04  2.007122e+04 
 1.148055e-07  5.039701e+02  1.009330e+03  1.514469e+03  2.020234e+03  2.524868e+03  3.027774e+03  3.531344e+03  4.032871e+03  4.533905e+03  5.037743e+03  5.540937e+03  6.045820e+03  6.546888e+03  7.048120e+03  7.551117e+03  8.053915e+03  8.556457e+03  9.057388e+03  9.557030e+03  1.005940e+04  1.056032e+04  1.106057e+04  1.156214e+04  1.206664e+04  1.256838e+04  1.306880e+04  1.357182e+04  1.407179e+04  1.457224e+04  1.507137e+04  1.557372e+04  1.607538e+04  1.657586e+04  1.707572e+04  1.757552e+04  1.807517e+04  1.857604e+04  1.907761e+04  1.957994e+04  2.007845e+04 
 1.148055e-07  5.039758e+02  1.008197e+03  1.512687e+03  2.016505e+03  2.520872e+03  3.023979e+03  3.527131e+03  4.030781e+03  4.535677e+03  5.038468e+03  5.540343e+03  6.042004e+03  6.544577e+03  7.049236e+03  7.549858e+03  8.051460e+03  8.554184e+03  9.054611e+03  9.556022e+03  1.005721e+04  1.055649e+04  1.105481e+04  1.155506e+04  1.205711e+04  1.256017e+04  1.306013e+04  1.355959e+04  1.406152e+04  1.456079e+04  1.506102e+04  1.556233e+04  1.606368e+04  1.656462e+04  1.706608e+04  1.757050e+04  1.807076e+04  1.857137e+04  1.907075e+04  1.957187e+04  2.007191e+04 

